1	0	69.8632	0
1.0001	169337	-169271	-15856.1
1.0002	145267	-145204	-13655.3
1.0003	125644	-125584	-11858.7
1.0004	109479	-109422	-10376.4
1.0005	96035.7	-95980.9	-9141.79
1.0006	84758.7	-84706.1	-8104.5
1.0007	75224.5	-75174	-7226.05
1.0008	67105.5	-67056.9	-6476.72
1.0009	60145.7	-60098.8	-5833.22
1.001	54143	-54097.7	-5277.21
1.0011	48936.5	-48892.7	-4794.03
1.0012	44396.8	-44354.4	-4371.91
1.0013	40419.2	-40378.1	-4001.32
1.0014	36918.1	-36878.2	-3674.44
1.0015	33823.3	-33784.6	-3384.9
1.0016	31076.7	-31039.1	-3127.37
1.0017	28630.1	-28593.4	-2897.45
1.0018	26442.8	-26407.1	-2691.44
1.0019	24481	-24446.2	-2506.23
1.002	22715.9	-22681.9	-2339.2
1.0021	21123.1	-21089.9	-2188.09
1.0022	19681.6	-19649.2	-2051.01
1.0023	18373.6	-18341.9	-1926.31
1.0024	17183.9	-17152.8	-1812.58
1.0025	16099	-16068.6	-1708.6
1.0026	15107.4	-15077.7	-1613.31
1.0027	14199.2	-14170.1	-1525.79
1.0028	13365.7	-13337.1	-1445.25
1.0029	12599.1	-12571.1	-1370.96
1.003	11892.7	-11865.2	-1302.31
1.0031	11240.7	-11213.7	-1238.76
1.0032	10637.8	-10611.3	-1179.82
1.0033	10079.3	-10053.3	-1125.06
1.0034	9561.24	-9535.63	-1074.1
1.0035	9079.85	-9054.67	-1026.6
1.0036	8631.9	-8607.14	-982.27
1.0037	8214.48	-8190.11	-940.826
1.0038	7824.98	-7800.99	-902.028
1.0039	7461.03	-7437.41	-865.659
1.004	7120.55	-7097.28	-831.521
1.0041	6801.61	-6778.69	-799.438
1.0042	6502.51	-6479.92	-769.248
1.0043	6221.7	-6199.42	-740.807
1.0044	5957.75	-5935.79	-713.982
1.0045	5709.39	-5687.73	-688.655
1.0046	5475.47	-5454.1	-664.715
1.0047	5254.92	-5233.83	-642.064
1.0048	5046.77	-5025.96	-620.611
1.0049	4850.15	-4829.6	-600.272
1.005	4664.24	-4643.95	-580.973
1.0051	4488.31	-4468.27	-562.642
1.0052	4321.68	-4301.88	-545.217
1.0053	4163.72	-4144.16	-528.637
1.0054	4013.87	-3994.54	-512.85
1.0055	3871.6	-3852.49	-497.804
1.0056	3736.41	-3717.52	-483.455
1.0057	3607.87	-3589.19	-469.758
1.0058	3485.56	-3467.08	-456.676
1.0059	3369.08	-3350.81	-444.171
1.006	3258.1	-3240.02	-432.209
1.0061	3152.28	-3134.39	-420.76
1.0062	3051.31	-3033.6	-409.793
1.0063	2954.91	-2937.39	-399.282
1.0064	2862.82	-2845.47	-389.201
1.0065	2774.8	-2757.62	-379.528
1.0066	2690.6	-2673.6	-370.239
1.0067	2610.03	-2593.19	-361.314
1.0068	2532.88	-2516.2	-352.735
1.0069	2458.97	-2442.44	-344.483
1.007	2388.12	-2371.75	-336.542
1.0071	2320.17	-2303.95	-328.895
1.0072	2254.97	-2238.9	-321.529
1.0073	2192.38	-2176.45	-314.428
1.0074	2132.26	-2116.47	-307.581
1.0075	2074.49	-2058.84	-300.976
1.0076	2018.95	-2003.43	-294.599
1.0077	1965.53	-1950.15	-288.442
1.0078	1914.13	-1898.87	-282.493
1.0079	1864.64	-1849.52	-276.744
1.008	1816.99	-1801.99	-271.184
1.0081	1771.08	-1756.2	-265.806
1.0082	1726.82	-1712.06	-260.602
1.0083	1684.15	-1669.51	-255.563
1.0084	1642.99	-1628.46	-250.683
1.0085	1603.27	-1588.85	-245.955
1.0086	1564.92	-1550.62	-241.373
1.0087	1527.9	-1513.7	-236.93
1.0088	1492.12	-1478.03	-232.62
1.0089	1457.55	-1443.57	-228.439
1.009	1424.13	-1410.25	-224.38
1.0091	1391.81	-1378.03	-220.44
1.0092	1360.55	-1346.87	-216.613
1.0093	1330.29	-1316.71	-212.894
1.0094	1301.01	-1287.52	-209.281
1.0095	1272.65	-1259.25	-205.767
1.0096	1245.18	-1231.88	-202.351
1.0097	1218.56	-1205.35	-199.028
1.0098	1192.77	-1179.65	-195.794
1.0099	1167.76	-1154.73	-192.647
1.01	1143.51	-1130.56	-189.583
1.0101	1119.98	-1107.12	-186.598
1.0102	1097.16	-1084.38	-183.692
1.0103	1075	-1062.31	-180.859
1.0104	1053.49	-1040.88	-178.099
1.0105	1032.61	-1020.07	-175.408
1.0106	1012.32	-999.865	-172.784
1.0107	992.605	-980.231	-170.225
1.0108	973.448	-961.151	-167.728
1.0109	954.827	-942.605	-165.291
1.011	936.721	-924.573	-162.913
1.0111	919.112	-907.037	-160.592
1.0112	901.983	-889.98	-158.325
1.0113	885.316	-873.384	-156.11
1.0114	869.095	-857.234	-153.947
1.0115	853.306	-841.513	-151.834
1.0116	837.932	-826.208	-149.768
1.0117	822.961	-811.303	-147.749
1.0118	808.377	-796.786	-145.775
1.0119	794.169	-782.643	-143.844
1.012	780.323	-768.861	-141.956
1.0121	766.828	-755.43	-140.109
1.0122	753.672	-742.336	-138.302
1.0123	740.844	-729.57	-136.533
1.0124	728.334	-717.12	-134.801
1.0125	716.13	-704.977	-133.106
1.0126	704.224	-693.13	-131.447
1.0127	692.607	-681.571	-129.821
1.0128	681.267	-670.29	-128.229
1.0129	670.199	-659.278	-126.669
1.013	659.392	-648.527	-125.141
1.0131	648.839	-638.03	-123.643
1.0132	638.531	-627.777	-122.175
1.0133	628.463	-617.763	-120.736
1.0134	618.626	-607.979	-119.325
1.0135	609.013	-598.42	-117.942
1.0136	599.618	-589.077	-116.585
1.0137	590.435	-579.945	-115.254
1.0138	581.456	-571.018	-113.948
1.0139	572.677	-562.289	-112.667
1.014	564.091	-553.753	-111.41
1.0141	555.694	-545.404	-110.176
1.0142	547.478	-537.238	-108.964
1.0143	539.44	-529.248	-107.775
1.0144	531.575	-521.43	-106.608
1.0145	523.877	-513.779	-105.461
1.0146	516.342	-506.29	-104.335
1.0147	508.965	-498.96	-103.229
1.0148	501.743	-491.782	-102.143
1.0149	494.67	-484.755	-101.075
1.015	487.743	-477.872	-100.026
1.0151	480.958	-471.131	-98.9956
1.0152	474.311	-464.527	-97.9825
1.0153	467.798	-458.058	-96.9866
1.0154	461.417	-451.719	-96.0076
1.0155	455.163	-445.507	-95.0451
1.0156	449.033	-439.418	-94.0987
1.0157	443.023	-433.45	-93.1679
1.0158	437.132	-427.599	-92.2526
1.0159	431.355	-421.863	-91.3522
1.016	425.691	-416.238	-90.4664
1.0161	420.135	-410.722	-89.595
1.0162	414.685	-405.311	-88.7376
1.0163	409.339	-400.004	-87.8938
1.0164	404.095	-394.797	-87.0635
1.0165	398.948	-389.689	-86.2462
1.0166	393.898	-384.676	-85.4417
1.0167	388.942	-379.757	-84.6498
1.0168	384.077	-374.929	-83.8701
1.0169	379.301	-370.19	-83.1024
1.017	374.613	-365.537	-82.3465
1.0171	370.009	-360.969	-81.602
1.0172	365.489	-356.484	-80.8688
1.0173	361.05	-352.08	-80.1466
1.0174	356.69	-347.755	-79.4352
1.0175	352.407	-343.506	-78.7343
1.0176	348.2	-339.333	-78.0437
1.0177	344.066	-335.233	-77.3633
1.0178	340.005	-331.205	-76.6929
1.0179	336.014	-327.248	-76.0321
1.018	332.092	-323.358	-75.3808
1.0181	328.238	-319.536	-74.7389
1.0182	324.449	-315.779	-74.1062
1.0183	320.724	-312.086	-73.4824
1.0184	317.062	-308.456	-72.8674
1.0185	313.462	-304.887	-72.261
1.0186	309.922	-301.378	-71.663
1.0187	306.441	-297.928	-71.0734
1.0188	303.017	-294.534	-70.4919
1.0189	299.65	-291.197	-69.9183
1.019	296.337	-287.915	-69.3526
1.0191	293.079	-284.686	-68.7946
1.0192	289.873	-281.51	-68.244
1.0193	286.719	-278.385	-67.7009
1.0194	283.616	-275.31	-67.165
1.0195	280.562	-272.285	-66.6362
1.0196	277.556	-269.307	-66.1144
1.0197	274.598	-266.377	-65.5995
1.0198	271.686	-263.494	-65.0913
1.0199	268.82	-260.655	-64.5897
1.02	265.998	-257.861	-64.0946
1.0201	263.22	-255.11	-63.6059
1.0202	260.485	-252.402	-63.1234
1.0203	257.792	-249.735	-62.6471
1.0204	255.14	-247.11	-62.1768
1.0205	252.528	-244.524	-61.7124
1.0206	249.955	-241.978	-61.2539
1.0207	247.421	-239.47	-60.8011
1.0208	244.925	-236.999	-60.3539
1.0209	242.467	-234.566	-59.9122
1.021	240.044	-232.169	-59.476
1.0211	237.658	-229.807	-59.0452
1.0212	235.306	-227.481	-58.6195
1.0213	232.989	-225.188	-58.1991
1.0214	230.705	-222.929	-57.7837
1.0215	228.455	-220.703	-57.3733
1.0216	226.236	-218.509	-56.9678
1.0217	224.05	-216.346	-56.5672
1.0218	221.895	-214.215	-56.1712
1.0219	219.771	-212.114	-55.78
1.022	217.676	-210.043	-55.3933
1.0221	215.611	-208.001	-55.0112
1.0222	213.575	-205.988	-54.6335
1.0223	211.568	-204.003	-54.2602
1.0224	209.588	-202.046	-53.8911
1.0225	207.636	-200.117	-53.5264
1.0226	205.71	-198.214	-53.1657
1.0227	203.811	-196.337	-52.8092
1.0228	201.938	-194.486	-52.4567
1.0229	200.091	-192.66	-52.1082
1.023	198.268	-190.859	-51.7635
1.0231	196.47	-189.083	-51.4228
1.0232	194.696	-187.33	-51.0858
1.0233	192.946	-185.601	-50.7525
1.0234	191.219	-183.895	-50.4229
1.0235	189.515	-182.212	-50.0969
1.0236	187.834	-180.551	-49.7745
1.0237	186.174	-178.912	-49.4556
1.0238	184.536	-177.295	-49.1402
1.0239	182.92	-175.699	-48.8281
1.024	181.324	-174.124	-48.5194
1.0241	179.75	-172.569	-48.214
1.0242	178.195	-171.034	-47.9119
1.0243	176.66	-169.519	-47.6129
1.0244	175.145	-168.024	-47.3171
1.0245	173.649	-166.548	-47.0244
1.0246	172.173	-165.09	-46.7348
1.0247	170.714	-163.651	-46.4482
1.0248	169.274	-162.23	-46.1646
1.0249	167.852	-160.827	-45.8839
1.025	166.448	-159.442	-45.6061
1.0251	165.061	-158.074	-45.3311
1.0252	163.691	-156.722	-45.059
1.0253	162.339	-155.388	-44.7896
1.0254	161.002	-154.07	-44.5229
1.0255	159.682	-152.768	-44.259
1.0256	158.378	-151.483	-43.9977
1.0257	157.09	-150.212	-43.739
1.0258	155.818	-148.958	-43.4829
1.0259	154.561	-147.718	-43.2293
1.026	153.318	-146.494	-42.9782
1.0261	152.091	-145.284	-42.7296
1.0262	150.878	-144.088	-42.4835
1.0263	149.68	-142.907	-42.2398
1.0264	148.495	-141.74	-41.9984
1.0265	147.325	-140.587	-41.7594
1.0266	146.168	-139.447	-41.5227
1.0267	145.025	-138.321	-41.2882
1.0268	143.895	-137.208	-41.056
1.0269	142.778	-136.107	-40.8261
1.027	141.674	-135.02	-40.5983
1.0271	140.583	-133.945	-40.3727
1.0272	139.504	-132.883	-40.1492
1.0273	138.438	-131.832	-39.9278
1.0274	137.383	-130.794	-39.7085
1.0275	136.341	-129.768	-39.4912
1.0276	135.31	-128.753	-39.276
1.0277	134.291	-127.75	-39.0627
1.0278	133.283	-126.758	-38.8515
1.0279	132.287	-125.777	-38.6421
1.028	131.302	-124.807	-38.4347
1.0281	130.327	-123.848	-38.2292
1.0282	129.363	-122.9	-38.0256
1.0283	128.41	-121.962	-37.8238
1.0284	127.468	-121.035	-37.6238
1.0285	126.535	-120.117	-37.4256
1.0286	125.613	-119.21	-37.2292
1.0287	124.701	-118.313	-37.0346
1.0288	123.799	-117.425	-36.8417
1.0289	122.906	-116.548	-36.6505
1.029	122.023	-115.679	-36.461
1.0291	121.149	-114.82	-36.2732
1.0292	120.285	-113.97	-36.087
1.0293	119.43	-113.13	-35.9025
1.0294	118.584	-112.298	-35.7196
1.0295	117.747	-111.475	-35.5382
1.0296	116.918	-110.661	-35.3584
1.0297	116.099	-109.855	-35.1802
1.0298	115.288	-109.058	-35.0035
1.0299	114.485	-108.27	-34.8284
1.03	113.691	-107.489	-34.6547
1.0301	112.905	-106.717	-34.4825
1.0302	112.127	-105.953	-34.3118
1.0303	111.357	-105.196	-34.1425
1.0304	110.595	-104.448	-33.9746
1.0305	109.84	-103.707	-33.8082
1.0306	109.094	-102.973	-33.6431
1.0307	108.354	-102.248	-33.4795
1.0308	107.623	-101.529	-33.3172
1.0309	106.899	-100.818	-33.1562
1.031	106.182	-100.114	-32.9966
1.0311	105.472	-99.4175	-32.8382
1.0312	104.769	-98.7277	-32.6812
1.0313	104.073	-98.0448	-32.5255
1.0314	103.384	-97.3688	-32.371
1.0315	102.702	-96.6995	-32.2178
1.0316	102.027	-96.0368	-32.0658
1.0317	101.358	-95.3807	-31.9151
1.0318	100.696	-94.7311	-31.7656
1.0319	100.04	-94.0879	-31.6172
1.032	99.391	-93.4509	-31.4701
1.0321	98.748	-92.8203	-31.3241
1.0322	98.1111	-92.1957	-31.1793
1.0323	97.4804	-91.5772	-31.0357
1.0324	96.8558	-90.9647	-30.8932
1.0325	96.2371	-90.3582	-30.7518
1.0326	95.6244	-89.7575	-30.6115
1.0327	95.0174	-89.1625	-30.4723
1.0328	94.4163	-88.5732	-30.3342
1.0329	93.8208	-87.9896	-30.1972
1.033	93.2309	-87.4115	-30.0612
1.0331	92.6466	-86.8389	-29.9263
1.0332	92.0677	-86.2717	-29.7924
1.0333	91.4942	-85.7098	-29.6596
1.0334	90.9261	-85.1533	-29.5277
1.0335	90.3633	-84.6019	-29.3969
1.0336	89.8057	-84.0557	-29.2671
1.0337	89.2532	-83.5146	-29.1383
1.0338	88.7058	-82.9785	-29.0104
1.0339	88.1634	-82.4474	-28.8835
1.034	87.626	-81.9212	-28.7576
1.0341	87.0935	-81.3999	-28.6326
1.0342	86.5658	-80.8833	-28.5085
1.0343	86.0429	-80.3714	-28.3853
1.0344	85.5247	-79.8642	-28.2631
1.0345	85.0112	-79.3617	-28.1418
1.0346	84.5023	-78.8637	-28.0214
1.0347	83.998	-78.3702	-27.9018
1.0348	83.4982	-77.8811	-27.7832
1.0349	83.0028	-77.3965	-27.6654
1.035	82.5119	-76.9162	-27.5485
1.0351	82.0253	-76.4402	-27.4324
1.0352	81.543	-75.9685	-27.3172
1.0353	81.0649	-75.5009	-27.2028
1.0354	80.591	-75.0375	-27.0892
1.0355	80.1213	-74.5782	-26.9764
1.0356	79.6557	-74.123	-26.8645
1.0357	79.1941	-73.6717	-26.7533
1.0358	78.7366	-73.2244	-26.643
1.0359	78.283	-72.7811	-26.5334
1.036	77.8333	-72.3415	-26.4246
1.0361	77.3875	-71.9059	-26.3166
1.0362	76.9455	-71.474	-26.2094
1.0363	76.5073	-71.0458	-26.1028
1.0364	76.0728	-70.6213	-25.9971
1.0365	75.6421	-70.2005	-25.8921
1.0366	75.215	-69.7833	-25.7878
1.0367	74.7915	-69.3697	-25.6842
1.0368	74.3716	-68.9596	-25.5814
1.0369	73.9552	-68.553	-25.4793
1.037	73.5424	-68.1498	-25.3778
1.0371	73.133	-67.75	-25.2771
1.0372	72.727	-67.3537	-25.1771
1.0373	72.3243	-66.9606	-25.0777
1.0374	71.9251	-66.5709	-24.9791
1.0375	71.5291	-66.1844	-24.8811
1.0376	71.1364	-65.8012	-24.7837
1.0377	70.747	-65.4212	-24.6871
1.0378	70.3607	-65.0443	-24.591
1.0379	69.9776	-64.6705	-24.4957
1.038	69.5977	-64.2998	-24.4009
1.0381	69.2208	-63.9322	-24.3068
1.0382	68.847	-63.5676	-24.2134
1.0383	68.4763	-63.206	-24.1205
1.0384	68.1085	-62.8474	-24.0283
1.0385	67.7437	-62.4917	-23.9366
1.0386	67.3819	-62.1389	-23.8456
1.0387	67.0229	-61.7889	-23.7552
1.0388	66.6668	-61.4418	-23.6654
1.0389	66.3136	-61.0975	-23.5762
1.039	65.9632	-60.7559	-23.4875
1.0391	65.6155	-60.4171	-23.3994
1.0392	65.2707	-60.081	-23.3119
1.0393	64.9285	-59.7477	-23.225
1.0394	64.589	-59.4169	-23.1386
1.0395	64.2522	-59.0888	-23.0528
1.0396	63.9181	-58.7633	-22.9676
1.0397	63.5865	-58.4404	-22.8828
1.0398	63.2576	-58.12	-22.7987
1.0399	62.9312	-57.8022	-22.715
1.04	62.6073	-57.4868	-22.6319
1.0401	62.286	-57.1739	-22.5494
1.0402	61.9671	-56.8635	-22.4673
1.0403	61.6507	-56.5555	-22.3858
1.0404	61.3367	-56.2498	-22.3048
1.0405	61.0251	-55.9466	-22.2243
1.0406	60.7159	-55.6457	-22.1443
1.0407	60.4091	-55.3471	-22.0648
1.0408	60.1046	-55.0508	-21.9858
1.0409	59.8024	-54.7568	-21.9073
1.041	59.5025	-54.4651	-21.8293
1.0411	59.2048	-54.1756	-21.7517
1.0412	58.9094	-53.8883	-21.6747
1.0413	58.6163	-53.6032	-21.5981
1.0414	58.3253	-53.3202	-21.522
1.0415	58.0365	-53.0394	-21.4463
1.0416	57.7498	-52.7607	-21.3711
1.0417	57.4653	-52.4841	-21.2964
1.0418	57.1829	-52.2096	-21.2221
1.0419	56.9026	-51.9371	-21.1483
1.042	56.6243	-51.6667	-21.0749
1.0421	56.3481	-51.3983	-21.002
1.0422	56.074	-51.1319	-20.9295
1.0423	55.8018	-50.8675	-20.8575
1.0424	55.5317	-50.6051	-20.7859
1.0425	55.2635	-50.3446	-20.7147
1.0426	54.9972	-50.086	-20.6439
1.0427	54.7329	-49.8293	-20.5736
1.0428	54.4706	-49.5745	-20.5037
1.0429	54.2101	-49.3215	-20.4341
1.043	53.9515	-49.0705	-20.365
1.0431	53.6947	-48.8212	-20.2964
1.0432	53.4398	-48.5738	-20.2281
1.0433	53.1867	-48.3281	-20.1602
1.0434	52.9355	-48.0843	-20.0927
1.0435	52.686	-47.8422	-20.0256
1.0436	52.4383	-47.6018	-19.9589
1.0437	52.1923	-47.3632	-19.8926
1.0438	51.9481	-47.1263	-19.8267
1.0439	51.7057	-46.891	-19.7611
1.044	51.4649	-46.6575	-19.696
1.0441	51.2258	-46.4256	-19.6312
1.0442	50.9884	-46.1954	-19.5668
1.0443	50.7527	-45.9668	-19.5027
1.0444	50.5186	-45.7399	-19.439
1.0445	50.2861	-45.5145	-19.3757
1.0446	50.0553	-45.2907	-19.3128
1.0447	49.826	-45.0685	-19.2502
1.0448	49.5984	-44.8479	-19.1879
1.0449	49.3723	-44.6288	-19.126
1.045	49.1477	-44.4112	-19.0645
1.0451	48.9247	-44.1952	-19.0033
1.0452	48.7033	-43.9806	-18.9424
1.0453	48.4833	-43.7676	-18.8819
1.0454	48.2649	-43.556	-18.8218
1.0455	48.048	-43.3459	-18.7619
1.0456	47.8325	-43.1372	-18.7024
1.0457	47.6185	-42.93	-18.6433
1.0458	47.4059	-42.7242	-18.5844
1.0459	47.1948	-42.5198	-18.5259
1.046	46.985	-42.3168	-18.4677
1.0461	46.7767	-42.1151	-18.4098
1.0462	46.5698	-41.9149	-18.3523
1.0463	46.3643	-41.716	-18.2951
1.0464	46.1602	-41.5185	-18.2381
1.0465	45.9574	-41.3223	-18.1815
1.0466	45.7559	-41.1274	-18.1252
1.0467	45.5558	-40.9338	-18.0692
1.0468	45.3571	-40.7416	-18.0135
1.0469	45.1596	-40.5506	-17.9581
1.047	44.9634	-40.3609	-17.903
1.0471	44.7686	-40.1725	-17.8482
1.0472	44.575	-39.9853	-17.7937
1.0473	44.3826	-39.7994	-17.7395
1.0474	44.1916	-39.6147	-17.6856
1.0475	44.0017	-39.4312	-17.632
1.0476	43.8132	-39.2489	-17.5786
1.0477	43.6258	-39.0679	-17.5256
1.0478	43.4396	-38.888	-17.4728
1.0479	43.2547	-38.7093	-17.4203
1.048	43.0709	-38.5318	-17.3681
1.0481	42.8884	-38.3554	-17.3161
1.0482	42.707	-38.1802	-17.2644
1.0483	42.5267	-38.0062	-17.213
1.0484	42.3476	-37.8332	-17.1619
1.0485	42.1697	-37.6614	-17.111
1.0486	41.9929	-37.4907	-17.0604
1.0487	41.8172	-37.3211	-17.0101
1.0488	41.6427	-37.1526	-16.96
1.0489	41.4692	-36.9852	-16.9102
1.049	41.2968	-36.8189	-16.8607
1.0491	41.1255	-36.6536	-16.8114
1.0492	40.9553	-36.4894	-16.7623
1.0493	40.7862	-36.3262	-16.7135
1.0494	40.6181	-36.1641	-16.665
1.0495	40.4511	-36.003	-16.6167
1.0496	40.2851	-35.8429	-16.5686
1.0497	40.1202	-35.6838	-16.5208
1.0498	39.9563	-35.5258	-16.4733
1.0499	39.7934	-35.3687	-16.426
1.05	39.6315	-35.2126	-16.3789
1.0501	39.4706	-35.0575	-16.332
1.0502	39.3107	-34.9034	-16.2854
1.0503	39.1517	-34.7503	-16.2391
1.0504	38.9938	-34.598	-16.1929
1.0505	38.8368	-34.4468	-16.147
1.0506	38.6808	-34.2965	-16.1014
1.0507	38.5257	-34.1471	-16.0559
1.0508	38.3716	-33.9986	-16.0107
1.0509	38.2184	-33.8511	-15.9657
1.051	38.0662	-33.7045	-15.9209
1.0511	37.9148	-33.5587	-15.8764
1.0512	37.7644	-33.4139	-15.8321
1.0513	37.6149	-33.27	-15.788
1.0514	37.4663	-33.1269	-15.7441
1.0515	37.3186	-32.9847	-15.7004
1.0516	37.1717	-32.8434	-15.6569
1.0517	37.0258	-32.7029	-15.6137
1.0518	36.8807	-32.5633	-15.5706
1.0519	36.7365	-32.4246	-15.5278
1.052	36.5931	-32.2867	-15.4852
1.0521	36.4506	-32.1496	-15.4428
1.0522	36.3089	-32.0133	-15.4006
1.0523	36.1681	-31.8779	-15.3586
1.0524	36.0281	-31.7432	-15.3168
1.0525	35.8889	-31.6094	-15.2752
1.0526	35.7506	-31.4764	-15.2338
1.0527	35.613	-31.3442	-15.1926
1.0528	35.4763	-31.2127	-15.1516
1.0529	35.3403	-31.0821	-15.1108
1.053	35.2052	-30.9522	-15.0702
1.0531	35.0708	-30.8231	-15.0298
1.0532	34.9373	-30.6948	-14.9896
1.0533	34.8044	-30.5672	-14.9495
1.0534	34.6724	-30.4403	-14.9097
1.0535	34.5411	-30.3142	-14.87
1.0536	34.4106	-30.1889	-14.8306
1.0537	34.2809	-30.0643	-14.7913
1.0538	34.1518	-29.9404	-14.7522
1.0539	34.0236	-29.8172	-14.7133
1.054	33.896	-29.6948	-14.6746
1.0541	33.7692	-29.5731	-14.636
1.0542	33.6431	-29.452	-14.5976
1.0543	33.5177	-29.3317	-14.5595
1.0544	33.3931	-29.2121	-14.5214
1.0545	33.2691	-29.0932	-14.4836
1.0546	33.1458	-28.9749	-14.4459
1.0547	33.0233	-28.8573	-14.4085
1.0548	32.9014	-28.7405	-14.3711
1.0549	32.7802	-28.6242	-14.334
1.055	32.6597	-28.5087	-14.297
1.0551	32.5399	-28.3938	-14.2602
1.0552	32.4207	-28.2795	-14.2236
1.0553	32.3022	-28.1659	-14.1871
1.0554	32.1844	-28.053	-14.1508
1.0555	32.0672	-27.9407	-14.1147
1.0556	31.9507	-27.829	-14.0787
1.0557	31.8348	-27.718	-14.0429
1.0558	31.7196	-27.6076	-14.0073
1.0559	31.605	-27.4978	-13.9718
1.056	31.491	-27.3886	-13.9365
1.0561	31.3777	-27.2801	-13.9013
1.0562	31.265	-27.1721	-13.8663
1.0563	31.1529	-27.0648	-13.8315
1.0564	31.0414	-26.958	-13.7968
1.0565	30.9305	-26.8519	-13.7623
1.0566	30.8202	-26.7463	-13.7279
1.0567	30.7106	-26.6413	-13.6937
1.0568	30.6015	-26.5369	-13.6596
1.0569	30.493	-26.4331	-13.6257
1.057	30.3851	-26.3299	-13.5919
1.0571	30.2778	-26.2272	-13.5583
1.0572	30.1711	-26.1251	-13.5248
1.0573	30.0649	-26.0235	-13.4915
1.0574	29.9593	-25.9225	-13.4583
1.0575	29.8543	-25.8221	-13.4252
1.0576	29.7498	-25.7222	-13.3923
1.0577	29.6459	-25.6229	-13.3596
1.0578	29.5426	-25.5241	-13.327
1.0579	29.4398	-25.4258	-13.2945
1.058	29.3375	-25.3281	-13.2622
1.0581	29.2358	-25.2309	-13.23
1.0582	29.1347	-25.1342	-13.198
1.0583	29.034	-25.038	-13.1661
1.0584	28.9339	-24.9424	-13.1343
1.0585	28.8344	-24.8473	-13.1027
1.0586	28.7353	-24.7527	-13.0712
1.0587	28.6368	-24.6586	-13.0399
1.0588	28.5388	-24.565	-13.0086
1.0589	28.4413	-24.4719	-12.9776
1.059	28.3443	-24.3793	-12.9466
1.0591	28.2478	-24.2872	-12.9158
1.0592	28.1519	-24.1956	-12.8851
1.0593	28.0564	-24.1044	-12.8545
1.0594	27.9614	-24.0138	-12.8241
1.0595	27.8669	-23.9236	-12.7938
1.0596	27.7729	-23.8339	-12.7636
1.0597	27.6794	-23.7447	-12.7336
1.0598	27.5864	-23.656	-12.7037
1.0599	27.4938	-23.5677	-12.6739
1.06	27.4017	-23.4799	-12.6442
1.0601	27.3101	-23.3925	-12.6147
1.0602	27.219	-23.3056	-12.5853
1.0603	27.1283	-23.2192	-12.556
1.0604	27.0381	-23.1332	-12.5268
1.0605	26.9484	-23.0476	-12.4977
1.0606	26.8591	-22.9625	-12.4688
1.0607	26.7702	-22.8779	-12.44
1.0608	26.6819	-22.7937	-12.4113
1.0609	26.5939	-22.7099	-12.3828
1.061	26.5064	-22.6265	-12.3543
1.0611	26.4194	-22.5436	-12.326
1.0612	26.3328	-22.4611	-12.2977
1.0613	26.2466	-22.379	-12.2696
1.0614	26.1608	-22.2974	-12.2417
1.0615	26.0755	-22.2162	-12.2138
1.0616	25.9906	-22.1353	-12.186
1.0617	25.9062	-22.0549	-12.1584
1.0618	25.8221	-21.9749	-12.1308
1.0619	25.7385	-21.8954	-12.1034
1.062	25.6553	-21.8162	-12.0761
1.0621	25.5725	-21.7374	-12.0489
1.0622	25.4901	-21.659	-12.0218
1.0623	25.4081	-21.581	-11.9949
1.0624	25.3265	-21.5034	-11.968
1.0625	25.2454	-21.4262	-11.9412
1.0626	25.1646	-21.3494	-11.9146
1.0627	25.0842	-21.273	-11.888
1.0628	25.0042	-21.197	-11.8616
1.0629	24.9246	-21.1213	-11.8353
1.063	24.8454	-21.046	-11.809
1.0631	24.7666	-20.9711	-11.7829
1.0632	24.6882	-20.8966	-11.7569
1.0633	24.6101	-20.8224	-11.731
1.0634	24.5325	-20.7486	-11.7052
1.0635	24.4552	-20.6752	-11.6795
1.0636	24.3783	-20.6021	-11.6539
1.0637	24.3017	-20.5294	-11.6283
1.0638	24.2255	-20.4571	-11.6029
1.0639	24.1497	-20.3851	-11.5776
1.064	24.0743	-20.3135	-11.5524
1.0641	23.9992	-20.2422	-11.5273
1.0642	23.9245	-20.1713	-11.5023
1.0643	23.8501	-20.1007	-11.4774
1.0644	23.7761	-20.0305	-11.4526
1.0645	23.7024	-19.9606	-11.4279
1.0646	23.6291	-19.891	-11.4033
1.0647	23.5562	-19.8218	-11.3787
1.0648	23.4836	-19.7529	-11.3543
1.0649	23.4113	-19.6844	-11.33
1.065	23.3394	-19.6162	-11.3057
1.0651	23.2678	-19.5483	-11.2816
1.0652	23.1965	-19.4807	-11.2575
1.0653	23.1256	-19.4135	-11.2336
1.0654	23.055	-19.3466	-11.2097
1.0655	22.9848	-19.28	-11.1859
1.0656	22.9149	-19.2138	-11.1622
1.0657	22.8453	-19.1478	-11.1386
1.0658	22.776	-19.0822	-11.1151
1.0659	22.7071	-19.0169	-11.0917
1.066	22.6385	-18.9519	-11.0684
1.0661	22.5702	-18.8872	-11.0452
1.0662	22.5022	-18.8228	-11.022
1.0663	22.4345	-18.7588	-10.999
1.0664	22.3672	-18.695	-10.976
1.0665	22.3001	-18.6315	-10.9531
1.0666	22.2334	-18.5684	-10.9303
1.0667	22.167	-18.5055	-10.9076
1.0668	22.1009	-18.4429	-10.885
1.0669	22.0351	-18.3806	-10.8624
1.067	21.9696	-18.3187	-10.84
1.0671	21.9043	-18.257	-10.8176
1.0672	21.8394	-18.1956	-10.7953
1.0673	21.7748	-18.1345	-10.7731
1.0674	21.7105	-18.0736	-10.751
1.0675	21.6465	-18.0131	-10.7289
1.0676	21.5827	-17.9528	-10.707
1.0677	21.5193	-17.8928	-10.6851
1.0678	21.4561	-17.8331	-10.6633
1.0679	21.3933	-17.7737	-10.6416
1.068	21.3307	-17.7146	-10.6199
1.0681	21.2684	-17.6557	-10.5984
1.0682	21.2063	-17.5971	-10.5769
1.0683	21.1446	-17.5387	-10.5555
1.0684	21.0831	-17.4807	-10.5342
1.0685	21.0219	-17.4229	-10.5129
1.0686	20.961	-17.3653	-10.4918
1.0687	20.9004	-17.3081	-10.4707
1.0688	20.84	-17.2511	-10.4497
1.0689	20.7799	-17.1943	-10.4288
1.069	20.72	-17.1378	-10.4079
1.0691	20.6605	-17.0816	-10.3871
1.0692	20.6012	-17.0256	-10.3664
1.0693	20.5421	-16.9699	-10.3458
1.0694	20.4833	-16.9145	-10.3252
1.0695	20.4248	-16.8593	-10.3048
1.0696	20.3666	-16.8043	-10.2844
1.0697	20.3085	-16.7496	-10.264
1.0698	20.2508	-16.6951	-10.2438
1.0699	20.1933	-16.6409	-10.2236
1.07	20.1361	-16.5869	-10.2035
1.0701	20.0791	-16.5332	-10.1834
1.0702	20.0223	-16.4797	-10.1635
1.0703	19.9658	-16.4265	-10.1436
1.0704	19.9096	-16.3734	-10.1237
1.0705	19.8536	-16.3207	-10.104
1.0706	19.7978	-16.2681	-10.0843
1.0707	19.7423	-16.2158	-10.0647
1.0708	19.687	-16.1638	-10.0451
1.0709	19.632	-16.1119	-10.0256
1.071	19.5772	-16.0603	-10.0062
1.0711	19.5226	-16.0089	-9.98689
1.0712	19.4683	-15.9578	-9.96762
1.0713	19.4142	-15.9069	-9.94842
1.0714	19.3603	-15.8562	-9.92928
1.0715	19.3067	-15.8057	-9.91021
1.0716	19.2533	-15.7554	-9.89121
1.0717	19.2001	-15.7054	-9.87227
1.0718	19.1472	-15.6556	-9.8534
1.0719	19.0944	-15.606	-9.8346
1.072	19.042	-15.5566	-9.81586
1.0721	18.9897	-15.5074	-9.79718
1.0722	18.9376	-15.4585	-9.77858
1.0723	18.8858	-15.4098	-9.76003
1.0724	18.8342	-15.3612	-9.74155
1.0725	18.7828	-15.3129	-9.72314
1.0726	18.7316	-15.2648	-9.70478
1.0727	18.6807	-15.2169	-9.6865
1.0728	18.6299	-15.1693	-9.66827
1.0729	18.5794	-15.1218	-9.65011
1.073	18.5291	-15.0745	-9.63201
1.0731	18.479	-15.0274	-9.61397
1.0732	18.4291	-14.9806	-9.59599
1.0733	18.3794	-14.9339	-9.57808
1.0734	18.33	-14.8875	-9.56022
1.0735	18.2807	-14.8412	-9.54243
1.0736	18.2316	-14.7951	-9.5247
1.0737	18.1828	-14.7493	-9.50703
1.0738	18.1341	-14.7036	-9.48941
1.0739	18.0856	-14.6581	-9.47186
1.074	18.0374	-14.6128	-9.45437
1.0741	17.9893	-14.5678	-9.43694
1.0742	17.9415	-14.5229	-9.41956
1.0743	17.8938	-14.4781	-9.40225
1.0744	17.8464	-14.4336	-9.38499
1.0745	17.7991	-14.3893	-9.36779
1.0746	17.752	-14.3452	-9.35065
1.0747	17.7052	-14.3012	-9.33357
1.0748	17.6585	-14.2574	-9.31654
1.0749	17.612	-14.2139	-9.29957
1.075	17.5657	-14.1705	-9.28266
1.0751	17.5195	-14.1272	-9.2658
1.0752	17.4736	-14.0842	-9.249
1.0753	17.4279	-14.0413	-9.23225
1.0754	17.3823	-13.9987	-9.21557
1.0755	17.337	-13.9562	-9.19893
1.0756	17.2918	-13.9139	-9.18235
1.0757	17.2468	-13.8717	-9.16583
1.0758	17.202	-13.8297	-9.14936
1.0759	17.1573	-13.7879	-9.13295
1.076	17.1129	-13.7463	-9.11659
1.0761	17.0686	-13.7049	-9.10028
1.0762	17.0245	-13.6636	-9.08403
1.0763	16.9805	-13.6225	-9.06783
1.0764	16.9368	-13.5816	-9.05168
1.0765	16.8932	-13.5408	-9.03559
1.0766	16.8498	-13.5002	-9.01955
1.0767	16.8066	-13.4598	-9.00356
1.0768	16.7636	-13.4195	-8.98763
1.0769	16.7207	-13.3794	-8.97174
1.077	16.678	-13.3395	-8.95591
1.0771	16.6354	-13.2997	-8.94013
1.0772	16.593	-13.2601	-8.9244
1.0773	16.5508	-13.2206	-8.90872
1.0774	16.5088	-13.1814	-8.89309
1.0775	16.4669	-13.1422	-8.87751
1.0776	16.4252	-13.1033	-8.86199
1.0777	16.3837	-13.0645	-8.84651
1.0778	16.3423	-13.0258	-8.83108
1.0779	16.3011	-12.9873	-8.8157
1.078	16.26	-12.949	-8.80038
1.0781	16.2192	-12.9108	-8.7851
1.0782	16.1784	-12.8728	-8.76987
1.0783	16.1379	-12.8349	-8.75468
1.0784	16.0974	-12.7972	-8.73955
1.0785	16.0572	-12.7596	-8.72447
1.0786	16.0171	-12.7222	-8.70943
1.0787	15.9771	-12.6849	-8.69444
1.0788	15.9374	-12.6478	-8.6795
1.0789	15.8977	-12.6108	-8.6646
1.079	15.8582	-12.574	-8.64976
1.0791	15.8189	-12.5373	-8.63496
1.0792	15.7797	-12.5008	-8.6202
1.0793	15.7407	-12.4644	-8.6055
1.0794	15.7019	-12.4282	-8.59084
1.0795	15.6631	-12.3921	-8.57622
1.0796	15.6246	-12.3561	-8.56166
1.0797	15.5861	-12.3203	-8.54713
1.0798	15.5479	-12.2846	-8.53266
1.0799	15.5097	-12.2491	-8.51822
1.08	15.4717	-12.2137	-8.50384
1.0801	15.4339	-12.1785	-8.4895
1.0802	15.3962	-12.1434	-8.4752
1.0803	15.3586	-12.1084	-8.46095
1.0804	15.3212	-12.0736	-8.44674
1.0805	15.284	-12.0389	-8.43258
1.0806	15.2468	-12.0043	-8.41846
1.0807	15.2099	-11.9699	-8.40438
1.0808	15.173	-11.9356	-8.39035
1.0809	15.1363	-11.9014	-8.37636
1.081	15.0997	-11.8674	-8.36241
1.0811	15.0633	-11.8335	-8.34851
1.0812	15.027	-11.7997	-8.33465
1.0813	14.9909	-11.7661	-8.32083
1.0814	14.9549	-11.7326	-8.30706
1.0815	14.919	-11.6993	-8.29332
1.0816	14.8832	-11.666	-8.27963
1.0817	14.8476	-11.6329	-8.26599
1.0818	14.8121	-11.5999	-8.25238
1.0819	14.7768	-11.5671	-8.23881
1.082	14.7416	-11.5343	-8.22529
1.0821	14.7065	-11.5017	-8.21181
1.0822	14.6715	-11.4693	-8.19836
1.0823	14.6367	-11.4369	-8.18496
1.0824	14.602	-11.4047	-8.1716
1.0825	14.5674	-11.3726	-8.15828
1.0826	14.533	-11.3406	-8.145
1.0827	14.4987	-11.3087	-8.13176
1.0828	14.4645	-11.277	-8.11856
1.0829	14.4304	-11.2454	-8.1054
1.083	14.3965	-11.2139	-8.09228
1.0831	14.3627	-11.1825	-8.0792
1.0832	14.329	-11.1513	-8.06616
1.0833	14.2954	-11.1201	-8.05316
1.0834	14.262	-11.0891	-8.0402
1.0835	14.2287	-11.0582	-8.02727
1.0836	14.1955	-11.0274	-8.01439
1.0837	14.1624	-10.9967	-8.00154
1.0838	14.1295	-10.9662	-7.98873
1.0839	14.0966	-10.9358	-7.97596
1.084	14.0639	-10.9054	-7.96322
1.0841	14.0313	-10.8752	-7.95053
1.0842	13.9989	-10.8451	-7.93787
1.0843	13.9665	-10.8151	-7.92525
1.0844	13.9343	-10.7853	-7.91267
1.0845	13.9021	-10.7555	-7.90012
1.0846	13.8701	-10.7259	-7.88762
1.0847	13.8383	-10.6963	-7.87514
1.0848	13.8065	-10.6669	-7.86271
1.0849	13.7748	-10.6376	-7.85031
1.085	13.7433	-10.6084	-7.83795
1.0851	13.7118	-10.5793	-7.82562
1.0852	13.6805	-10.5503	-7.81333
1.0853	13.6493	-10.5214	-7.80108
1.0854	13.6182	-10.4926	-7.78886
1.0855	13.5872	-10.4639	-7.77668
1.0856	13.5563	-10.4354	-7.76453
1.0857	13.5256	-10.4069	-7.75242
1.0858	13.4949	-10.3786	-7.74035
1.0859	13.4644	-10.3503	-7.72831
1.086	13.4339	-10.3222	-7.7163
1.0861	13.4036	-10.2941	-7.70433
1.0862	13.3734	-10.2662	-7.69239
1.0863	13.3433	-10.2383	-7.68049
1.0864	13.3132	-10.2106	-7.66862
1.0865	13.2833	-10.183	-7.65679
1.0866	13.2535	-10.1554	-7.64499
1.0867	13.2238	-10.128	-7.63323
1.0868	13.1943	-10.1007	-7.62149
1.0869	13.1648	-10.0734	-7.6098
1.087	13.1354	-10.0463	-7.59813
1.0871	13.1061	-10.0193	-7.5865
1.0872	13.0769	-9.99232	-7.5749
1.0873	13.0479	-9.96548	-7.56334
1.0874	13.0189	-9.93874	-7.55181
1.0875	12.99	-9.91209	-7.54031
1.0876	12.9612	-9.88554	-7.52885
1.0877	12.9326	-9.85909	-7.51741
1.0878	12.904	-9.83273	-7.50601
1.0879	12.8755	-9.80646	-7.49464
1.088	12.8472	-9.78029	-7.48331
1.0881	12.8189	-9.75421	-7.472
1.0882	12.7907	-9.72823	-7.46073
1.0883	12.7626	-9.70234	-7.44949
1.0884	12.7346	-9.67654	-7.43828
1.0885	12.7068	-9.65084	-7.42711
1.0886	12.679	-9.62523	-7.41596
1.0887	12.6513	-9.59971	-7.40485
1.0888	12.6237	-9.57428	-7.39376
1.0889	12.5962	-9.54893	-7.38271
1.089	12.5688	-9.52368	-7.37169
1.0891	12.5414	-9.49852	-7.3607
1.0892	12.5142	-9.47345	-7.34974
1.0893	12.4871	-9.44847	-7.33881
1.0894	12.4601	-9.42358	-7.32792
1.0895	12.4331	-9.39877	-7.31705
1.0896	12.4063	-9.37405	-7.30621
1.0897	12.3795	-9.34942	-7.2954
1.0898	12.3528	-9.32488	-7.28463
1.0899	12.3263	-9.30042	-7.27388
1.09	12.2998	-9.27605	-7.26316
1.0901	12.2734	-9.25176	-7.25247
1.0902	12.247	-9.22756	-7.24181
1.0903	12.2208	-9.20345	-7.23118
1.0904	12.1947	-9.17941	-7.22058
1.0905	12.1686	-9.15547	-7.21001
1.0906	12.1427	-9.1316	-7.19947
1.0907	12.1168	-9.10782	-7.18896
1.0908	12.091	-9.08413	-7.17848
1.0909	12.0653	-9.06051	-7.16802
1.091	12.0397	-9.03698	-7.15759
1.0911	12.0142	-9.01353	-7.1472
1.0912	11.9888	-8.99016	-7.13683
1.0913	11.9634	-8.96687	-7.12648
1.0914	11.9381	-8.94366	-7.11617
1.0915	11.913	-8.92053	-7.10589
1.0916	11.8878	-8.89748	-7.09563
1.0917	11.8628	-8.87452	-7.0854
1.0918	11.8379	-8.85163	-7.0752
1.0919	11.813	-8.82882	-7.06503
1.092	11.7883	-8.80608	-7.05488
1.0921	11.7636	-8.78343	-7.04476
1.0922	11.739	-8.76086	-7.03467
1.0923	11.7145	-8.73836	-7.0246
1.0924	11.69	-8.71594	-7.01457
1.0925	11.6656	-8.69359	-7.00456
1.0926	11.6414	-8.67132	-6.99457
1.0927	11.6172	-8.64913	-6.98462
1.0928	11.593	-8.62702	-6.97469
1.0929	11.569	-8.60497	-6.96478
1.093	11.545	-8.58301	-6.95491
1.0931	11.5211	-8.56112	-6.94506
1.0932	11.4973	-8.5393	-6.93523
1.0933	11.4736	-8.51756	-6.92544
1.0934	11.4499	-8.49589	-6.91566
1.0935	11.4264	-8.47429	-6.90592
1.0936	11.4029	-8.45277	-6.8962
1.0937	11.3794	-8.43132	-6.88651
1.0938	11.3561	-8.40994	-6.87684
1.0939	11.3328	-8.38864	-6.8672
1.094	11.3096	-8.36741	-6.85758
1.0941	11.2865	-8.34624	-6.84799
1.0942	11.2634	-8.32515	-6.83842
1.0943	11.2405	-8.30413	-6.82888
1.0944	11.2176	-8.28318	-6.81936
1.0945	11.1947	-8.26231	-6.80987
1.0946	11.172	-8.2415	-6.80041
1.0947	11.1493	-8.22076	-6.79097
1.0948	11.1267	-8.20009	-6.78155
1.0949	11.1042	-8.17949	-6.77216
1.095	11.0817	-8.15895	-6.76279
1.0951	11.0593	-8.13849	-6.75345
1.0952	11.037	-8.11809	-6.74413
1.0953	11.0148	-8.09776	-6.73484
1.0954	10.9926	-8.0775	-6.72557
1.0955	10.9705	-8.05731	-6.71632
1.0956	10.9485	-8.03718	-6.7071
1.0957	10.9265	-8.01712	-6.69791
1.0958	10.9046	-7.99713	-6.68873
1.0959	10.8828	-7.9772	-6.67958
1.096	10.861	-7.95734	-6.67046
1.0961	10.8393	-7.93755	-6.66136
1.0962	10.8177	-7.91781	-6.65228
1.0963	10.7962	-7.89815	-6.64322
1.0964	10.7747	-7.87855	-6.63419
1.0965	10.7533	-7.85901	-6.62518
1.0966	10.7319	-7.83954	-6.6162
1.0967	10.7106	-7.82013	-6.60723
1.0968	10.6894	-7.80078	-6.59829
1.0969	10.6683	-7.7815	-6.58938
1.097	10.6472	-7.76228	-6.58048
1.0971	10.6262	-7.74312	-6.57161
1.0972	10.6052	-7.72403	-6.56276
1.0973	10.5844	-7.705	-6.55394
1.0974	10.5636	-7.68603	-6.54514
1.0975	10.5428	-7.66712	-6.53636
1.0976	10.5221	-7.64827	-6.5276
1.0977	10.5015	-7.62949	-6.51886
1.0978	10.4809	-7.61076	-6.51015
1.0979	10.4604	-7.5921	-6.50146
1.098	10.44	-7.57349	-6.49279
1.0981	10.4196	-7.55495	-6.48414
1.0982	10.3993	-7.53647	-6.47551
1.0983	10.3791	-7.51804	-6.46691
1.0984	10.3589	-7.49968	-6.45833
1.0985	10.3388	-7.48137	-6.44977
1.0986	10.3188	-7.46313	-6.44123
1.0987	10.2988	-7.44494	-6.43271
1.0988	10.2788	-7.42681	-6.42421
1.0989	10.259	-7.40874	-6.41574
1.099	10.2392	-7.39072	-6.40729
1.0991	10.2194	-7.37276	-6.39885
1.0992	10.1997	-7.35487	-6.39044
1.0993	10.1801	-7.33702	-6.38205
1.0994	10.1605	-7.31924	-6.37368
1.0995	10.141	-7.30151	-6.36534
1.0996	10.1216	-7.28384	-6.35701
1.0997	10.1022	-7.26622	-6.3487
1.0998	10.0829	-7.24866	-6.34042
1.0999	10.0636	-7.23116	-6.33215
