1	0	540.309	0
1.0001	1.52513e+007	-1.52511e+007	-306924
1.0002	4.7599e+006	-4.75972e+006	-107192
1.0003	2.16681e+006	-2.16667e+006	-54857.8
1.0004	1.20183e+006	-1.20171e+006	-33957.7
1.0005	752159	-752059	-23454.1
1.0006	510401	-510312	-17367.7
1.0007	366908	-366828	-13488.8
1.0008	275350	-275277	-10844.7
1.0009	213623	-213556	-8950.42
1.001	170170	-170107	-7540.38
1.0011	138498	-138440	-6458.56
1.0012	114745	-114689	-5607.89
1.0013	96499.7	-96447.3	-4925.23
1.0014	82199.5	-82149.7	-4367.91
1.0015	70795.1	-70747.6	-3906.2
1.0016	61562.1	-61516.7	-3518.82
1.0017	53988	-53944.3	-3190.18
1.0018	47701.9	-47659.9	-2908.64
1.0019	42430.6	-42390.2	-2665.35
1.002	37969.2	-37930.1	-2453.49
1.0021	34161.5	-34123.8	-2267.71
1.0022	30887.3	-30850.7	-2103.76
1.0023	28052.4	-28016.9	-1958.25
1.0024	25582.4	-25547.9	-1828.43
1.0025	23417.9	-23384.4	-1712.05
1.0026	21511.2	-21478.6	-1607.27
1.0027	19823.3	-19791.5	-1512.54
1.0028	18322.3	-18291.3	-1426.58
1.0029	16982	-16951.7	-1348.3
1.003	15780.4	-15750.8	-1276.78
1.0031	14699.3	-14670.3	-1211.25
1.0032	13723.2	-13694.8	-1151.02
1.0033	12839.1	-12811.4	-1095.53
1.0034	12036	-12008.8	-1044.28
1.0035	11304.3	-11277.7	-996.82
1.0036	10636	-10609.9	-952.783
1.0037	10024	-9998.32	-911.836
1.0038	9462.19	-9436.98	-873.685
1.0039	8945.33	-8920.56	-838.073
1.004	8468.79	-8444.44	-804.772
1.0041	8028.53	-8004.59	-773.579
1.0042	7621.01	-7597.46	-744.314
1.0043	7243.09	-7219.92	-716.817
1.0044	6892.01	-6869.2	-690.942
1.0045	6565.31	-6542.84	-666.559
1.0046	6260.82	-6238.68	-643.554
1.0047	5976.58	-5954.77	-621.819
1.0048	5710.86	-5689.36	-601.259
1.0049	5462.11	-5440.91	-581.79
1.005	5228.92	-5208.01	-563.331
1.0051	5010.04	-4989.41	-545.813
1.0052	4804.34	-4783.98	-529.169
1.0053	4610.79	-4590.69	-513.341
1.0054	4428.46	-4408.62	-498.273
1.0055	4256.52	-4236.92	-483.918
1.0056	4094.19	-4074.83	-470.227
1.0057	3940.78	-3921.65	-457.161
1.0058	3795.66	-3776.76	-444.68
1.0059	3658.24	-3639.56	-432.748
1.006	3528.01	-3509.54	-421.332
1.0061	3404.46	-3386.2	-410.402
1.0062	3287.16	-3269.1	-399.93
1.0063	3175.7	-3157.84	-389.889
1.0064	3069.7	-3052.02	-380.256
1.0065	2968.81	-2951.32	-371.008
1.0066	2872.71	-2855.41	-362.123
1.0067	2781.12	-2763.99	-353.583
1.0068	2693.74	-2676.78	-345.369
1.0069	2610.34	-2593.55	-337.464
1.007	2530.68	-2514.05	-329.851
1.0071	2454.54	-2438.07	-322.518
1.0072	2381.71	-2365.4	-315.448
1.0073	2312.01	-2295.85	-308.63
1.0074	2245.27	-2229.26	-302.051
1.0075	2181.33	-2165.46	-295.7
1.0076	2120.02	-2104.29	-289.566
1.0077	2061.21	-2045.62	-283.638
1.0078	2004.77	-1989.32	-277.908
1.0079	1950.57	-1935.25	-272.366
1.008	1898.49	-1883.31	-267.003
1.0081	1848.44	-1833.38	-261.813
1.0082	1800.29	-1785.36	-256.786
1.0083	1753.98	-1739.17	-251.917
1.0084	1709.39	-1694.7	-247.198
1.0085	1666.45	-1651.87	-242.623
1.0086	1625.07	-1610.62	-238.187
1.0087	1585.19	-1570.85	-233.882
1.0088	1546.73	-1532.5	-229.704
1.0089	1509.63	-1495.51	-225.648
1.009	1473.82	-1459.81	-221.709
1.0091	1439.25	-1425.34	-217.882
1.0092	1405.86	-1392.05	-214.163
1.0093	1373.6	-1359.89	-210.548
1.0094	1342.41	-1328.8	-207.033
1.0095	1312.25	-1298.74	-203.613
1.0096	1283.08	-1269.67	-200.286
1.0097	1254.86	-1241.54	-197.048
1.0098	1227.54	-1214.31	-193.895
1.0099	1201.09	-1187.95	-190.825
1.01	1175.46	-1162.42	-187.834
1.0101	1150.64	-1137.68	-184.921
1.0102	1126.57	-1113.7	-182.081
1.0103	1103.24	-1090.46	-179.313
1.0104	1080.62	-1067.92	-176.613
1.0105	1058.67	-1046.05	-173.981
1.0106	1037.38	-1024.84	-171.412
1.0107	1016.7	-1004.24	-168.906
1.0108	996.633	-984.251	-166.46
1.0109	977.14	-964.835	-164.072
1.011	958.204	-945.975	-161.741
1.0111	939.804	-927.65	-159.464
1.0112	921.919	-909.839	-157.239
1.0113	904.532	-892.524	-155.065
1.0114	887.623	-875.687	-152.941
1.0115	871.177	-859.311	-150.865
1.0116	855.175	-843.379	-148.835
1.0117	839.603	-827.876	-146.85
1.0118	824.446	-812.786	-144.908
1.0119	809.688	-798.095	-143.009
1.012	795.317	-783.79	-141.151
1.0121	781.319	-769.856	-139.332
1.0122	767.681	-756.282	-137.552
1.0123	754.391	-743.055	-135.81
1.0124	741.438	-730.164	-134.104
1.0125	728.81	-717.598	-132.433
1.0126	716.497	-705.345	-130.797
1.0127	704.488	-693.396	-129.193
1.0128	692.774	-681.741	-127.623
1.0129	681.345	-670.37	-126.084
1.013	670.192	-659.274	-124.575
1.0131	659.307	-648.446	-123.096
1.0132	648.68	-637.875	-121.647
1.0133	638.305	-627.554	-120.225
1.0134	628.172	-617.476	-118.831
1.0135	618.275	-607.633	-117.463
1.0136	608.607	-598.018	-116.122
1.0137	599.16	-588.624	-114.806
1.0138	589.928	-579.444	-113.514
1.0139	580.905	-570.471	-112.247
1.014	572.084	-561.701	-111.003
1.0141	563.459	-553.126	-109.782
1.0142	555.025	-544.742	-108.583
1.0143	546.777	-536.542	-107.406
1.0144	538.708	-528.521	-106.249
1.0145	530.813	-520.675	-105.114
1.0146	523.089	-512.997	-103.999
1.0147	515.529	-505.484	-102.903
1.0148	508.13	-498.131	-101.826
1.0149	500.887	-490.933	-100.768
1.015	493.795	-483.887	-99.7283
1.0151	486.851	-476.987	-98.7063
1.0152	480.05	-470.23	-97.7017
1.0153	473.389	-463.612	-96.7141
1.0154	466.863	-457.13	-95.743
1.0155	460.47	-450.779	-94.7881
1.0156	454.205	-444.556	-93.849
1.0157	448.065	-438.458	-92.9254
1.0158	442.048	-432.482	-92.0169
1.0159	436.149	-426.624	-91.1231
1.016	430.365	-420.881	-90.2438
1.0161	424.695	-415.25	-89.3785
1.0162	419.134	-409.729	-88.5271
1.0163	413.681	-404.315	-87.6891
1.0164	408.332	-399.004	-86.8644
1.0165	403.084	-393.795	-86.0525
1.0166	397.936	-388.685	-85.2533
1.0167	392.884	-383.671	-84.4664
1.0168	387.927	-378.751	-83.6916
1.0169	383.062	-373.922	-82.9287
1.017	378.287	-369.183	-82.1773
1.0171	373.599	-364.532	-81.4373
1.0172	368.997	-359.965	-80.7083
1.0173	364.478	-355.482	-79.9903
1.0174	360.041	-351.079	-79.2829
1.0175	355.683	-346.756	-78.5859
1.0176	351.403	-342.51	-77.8992
1.0177	347.198	-338.34	-77.2224
1.0178	343.068	-334.244	-76.5555
1.0179	339.011	-330.219	-75.8981
1.018	335.023	-326.265	-75.2502
1.0181	331.105	-322.38	-74.6115
1.0182	327.255	-318.562	-73.9819
1.0183	323.471	-314.81	-73.3612
1.0184	319.751	-311.122	-72.7491
1.0185	316.094	-307.496	-72.1456
1.0186	312.498	-303.932	-71.5504
1.0187	308.963	-300.428	-70.9635
1.0188	305.488	-296.983	-70.3846
1.0189	302.069	-293.595	-69.8136
1.019	298.707	-290.263	-69.2503
1.0191	295.401	-286.987	-68.6947
1.0192	292.148	-283.763	-68.1465
1.0193	288.948	-280.593	-67.6056
1.0194	285.8	-277.474	-67.0719
1.0195	282.702	-274.405	-66.5453
1.0196	279.654	-271.386	-66.0255
1.0197	276.655	-268.415	-65.5126
1.0198	273.703	-265.491	-65.0064
1.0199	270.797	-262.613	-64.5067
1.02	267.937	-259.781	-64.0134
1.0201	265.122	-256.993	-63.5265
1.0202	262.35	-254.249	-63.0458
1.0203	259.622	-251.547	-62.5712
1.0204	256.935	-248.887	-62.1025
1.0205	254.289	-246.267	-61.6398
1.0206	251.683	-243.688	-61.1828
1.0207	249.117	-241.148	-60.7316
1.0208	246.59	-238.646	-60.2859
1.0209	244.1	-236.182	-59.8457
1.021	241.647	-233.755	-59.4109
1.0211	239.231	-231.365	-58.9814
1.0212	236.851	-229.009	-58.5571
1.0213	234.506	-226.689	-58.1379
1.0214	232.195	-224.403	-57.7238
1.0215	229.918	-222.15	-57.3147
1.0216	227.673	-219.93	-56.9104
1.0217	225.462	-217.742	-56.5109
1.0218	223.282	-215.586	-56.1162
1.0219	221.133	-213.461	-55.726
1.022	219.014	-211.366	-55.3405
1.0221	216.926	-209.301	-54.9594
1.0222	214.867	-207.265	-54.5827
1.0223	212.838	-205.259	-54.2104
1.0224	210.836	-203.28	-53.8424
1.0225	208.862	-201.329	-53.4785
1.0226	206.916	-199.405	-53.1188
1.0227	204.997	-197.508	-52.7632
1.0228	203.104	-195.637	-52.4116
1.0229	201.237	-193.792	-52.064
1.023	199.395	-191.972	-51.7202
1.0231	197.578	-190.177	-51.3803
1.0232	195.786	-188.406	-51.0441
1.0233	194.018	-186.66	-50.7116
1.0234	192.273	-184.936	-50.3828
1.0235	190.552	-183.236	-50.0576
1.0236	188.854	-181.558	-49.7359
1.0237	187.178	-179.903	-49.4177
1.0238	185.524	-178.27	-49.103
1.0239	183.891	-176.658	-48.7916
1.024	182.28	-175.067	-48.4836
1.0241	180.69	-173.498	-48.1788
1.0242	179.121	-171.948	-47.8773
1.0243	177.572	-170.419	-47.579
1.0244	176.042	-168.909	-47.2838
1.0245	174.532	-167.419	-46.9917
1.0246	173.042	-165.948	-46.7027
1.0247	171.57	-164.495	-46.4167
1.0248	170.117	-163.061	-46.1336
1.0249	168.682	-161.645	-45.8535
1.025	167.265	-160.247	-45.5762
1.0251	165.866	-158.867	-45.3018
1.0252	164.484	-157.504	-45.0301
1.0253	163.119	-156.157	-44.7613
1.0254	161.771	-154.828	-44.4951
1.0255	160.439	-153.515	-44.2316
1.0256	159.124	-152.218	-43.9708
1.0257	157.825	-150.937	-43.7126
1.0258	156.541	-149.671	-43.4569
1.0259	155.274	-148.421	-43.2038
1.026	154.021	-147.186	-42.9532
1.0261	152.783	-145.966	-42.705
1.0262	151.56	-144.761	-42.4593
1.0263	150.352	-143.57	-42.2159
1.0264	149.158	-142.393	-41.975
1.0265	147.978	-141.23	-41.7363
1.0266	146.812	-140.081	-41.5
1.0267	145.66	-138.946	-41.2659
1.0268	144.521	-137.824	-41.0341
1.0269	143.395	-136.715	-40.8045
1.027	142.282	-135.618	-40.5771
1.0271	141.182	-134.535	-40.3518
1.0272	140.095	-133.464	-40.1287
1.0273	139.02	-132.406	-39.9076
1.0274	137.958	-131.36	-39.6886
1.0275	136.908	-130.325	-39.4717
1.0276	135.869	-129.303	-39.2568
1.0277	134.842	-128.292	-39.0438
1.0278	133.827	-127.293	-38.8328
1.0279	132.823	-126.305	-38.6238
1.028	131.831	-125.328	-38.4167
1.0281	130.849	-124.361	-38.2115
1.0282	129.878	-123.406	-38.0081
1.0283	128.918	-122.462	-37.8066
1.0284	127.969	-121.527	-37.6069
1.0285	127.03	-120.604	-37.409
1.0286	126.101	-119.69	-37.2128
1.0287	125.182	-118.786	-37.0185
1.0288	124.274	-117.892	-36.8258
1.0289	123.375	-117.008	-36.6349
1.029	122.486	-116.134	-36.4456
1.0291	121.606	-115.269	-36.258
1.0292	120.736	-114.413	-36.0721
1.0293	119.875	-113.567	-35.8878
1.0294	119.023	-112.729	-35.705
1.0295	118.18	-111.901	-35.5239
1.0296	117.346	-111.081	-35.3444
1.0297	116.521	-110.27	-35.1664
1.0298	115.705	-109.468	-34.9899
1.0299	114.897	-108.674	-34.8149
1.03	114.097	-107.888	-34.6414
1.0301	113.306	-107.111	-34.4694
1.0302	112.523	-106.342	-34.2989
1.0303	111.748	-105.58	-34.1298
1.0304	110.981	-104.827	-33.9621
1.0305	110.222	-104.081	-33.7959
1.0306	109.471	-103.343	-33.631
1.0307	108.727	-102.613	-33.4675
1.0308	107.991	-101.89	-33.3053
1.0309	107.262	-101.175	-33.1445
1.031	106.54	-100.466	-32.9851
1.0311	105.826	-99.7652	-32.8269
1.0312	105.119	-99.0712	-32.6701
1.0313	104.419	-98.3842	-32.5145
1.0314	103.726	-97.704	-32.3602
1.0315	103.04	-97.0306	-32.2071
1.0316	102.361	-96.364	-32.0553
1.0317	101.688	-95.704	-31.9047
1.0318	101.022	-95.0505	-31.7553
1.0319	100.362	-94.4034	-31.6071
1.032	99.7091	-93.7627	-31.4601
1.0321	99.0623	-93.1283	-31.3143
1.0322	98.4218	-92.5002	-31.1697
1.0323	97.7875	-91.8781	-31.0261
1.0324	97.1592	-91.2621	-30.8837
1.0325	96.537	-90.652	-30.7425
1.0326	95.9208	-90.0479	-30.6023
1.0327	95.3105	-89.4495	-30.4632
1.0328	94.7059	-88.8569	-30.3253
1.0329	94.1071	-88.27	-30.1884
1.033	93.5139	-87.6887	-30.0525
1.0331	92.9264	-87.1129	-29.9177
1.0332	92.3443	-86.5425	-29.784
1.0333	91.7677	-85.9776	-29.6512
1.0334	91.1965	-85.418	-29.5195
1.0335	90.6306	-84.8636	-29.3888
1.0336	90.07	-84.3145	-29.2591
1.0337	89.5146	-83.7704	-29.1303
1.0338	88.9643	-83.2315	-29.0026
1.0339	88.419	-82.6975	-28.8758
1.034	87.8787	-82.1685	-28.7499
1.0341	87.3434	-81.6444	-28.625
1.0342	86.813	-81.1251	-28.5011
1.0343	86.2874	-80.6106	-28.378
1.0344	85.7665	-80.1008	-28.2559
1.0345	85.2504	-79.5956	-28.1347
1.0346	84.7389	-79.095	-28.0143
1.0347	84.232	-78.599	-27.8949
1.0348	83.7297	-78.1075	-27.7763
1.0349	83.2318	-77.6203	-27.6586
1.035	82.7384	-77.1376	-27.5418
1.0351	82.2494	-76.6592	-27.4258
1.0352	81.7646	-76.1851	-27.3106
1.0353	81.2842	-75.7152	-27.1963
1.0354	80.808	-75.2495	-27.0828
1.0355	80.336	-74.788	-26.9701
1.0356	79.8681	-74.3305	-26.8583
1.0357	79.4043	-73.877	-26.7472
1.0358	78.9445	-73.4276	-26.6369
1.0359	78.4888	-72.982	-26.5274
1.036	78.0369	-72.5404	-26.4187
1.0361	77.589	-72.1026	-26.3108
1.0362	77.1449	-71.6687	-26.2036
1.0363	76.7047	-71.2385	-26.0972
1.0364	76.2682	-70.812	-25.9915
1.0365	75.8354	-70.3892	-25.8865
1.0366	75.4063	-69.97	-25.7823
1.0367	74.9809	-69.5545	-25.6788
1.0368	74.5591	-69.1425	-25.576
1.0369	74.1408	-68.734	-25.474
1.037	73.726	-68.329	-25.3726
1.0371	73.3147	-67.9274	-25.272
1.0372	72.9069	-67.5292	-25.172
1.0373	72.5025	-67.1344	-25.0727
1.0374	72.1014	-66.7429	-24.9741
1.0375	71.7037	-66.3547	-24.8761
1.0376	71.3093	-65.9697	-24.7789
1.0377	70.9181	-65.588	-24.6823
1.0378	70.5302	-65.2094	-24.5863
1.0379	70.1454	-64.834	-24.491
1.038	69.7638	-64.4617	-24.3963
1.0381	69.3853	-64.0925	-24.3022
1.0382	69.0099	-63.7263	-24.2088
1.0383	68.6375	-63.3631	-24.116
1.0384	68.2682	-63.003	-24.0238
1.0385	67.9019	-62.6457	-23.9323
1.0386	67.5385	-62.2914	-23.8413
1.0387	67.178	-61.9399	-23.7509
1.0388	66.8204	-61.5913	-23.6612
1.0389	66.4657	-61.2456	-23.572
1.039	66.1138	-60.9026	-23.4834
1.0391	65.7647	-60.5624	-23.3953
1.0392	65.4184	-60.2249	-23.3079
1.0393	65.0748	-59.8901	-23.221
1.0394	64.734	-59.558	-23.1347
1.0395	64.3958	-59.2285	-23.0489
1.0396	64.0603	-58.9017	-22.9637
1.0397	63.7274	-58.5775	-22.879
1.0398	63.3971	-58.2558	-22.7949
1.0399	63.0694	-57.9366	-22.7113
1.04	62.7443	-57.62	-22.6283
1.0401	62.4216	-57.3059	-22.5457
1.0402	62.1015	-56.9942	-22.4637
1.0403	61.7838	-56.6849	-22.3822
1.0404	61.4686	-56.3781	-22.3013
1.0405	61.1558	-56.0737	-22.2208
1.0406	60.8454	-55.7716	-22.1408
1.0407	60.5374	-55.4718	-22.0614
1.0408	60.2317	-55.1744	-21.9824
1.0409	59.9284	-54.8793	-21.9039
1.041	59.6273	-54.5864	-21.8259
1.0411	59.3285	-54.2958	-21.7484
1.0412	59.032	-54.0073	-21.6714
1.0413	58.7377	-53.7211	-21.5949
1.0414	58.4456	-53.4371	-21.5188
1.0415	58.1558	-53.1552	-21.4432
1.0416	57.868	-52.8755	-21.368
1.0417	57.5825	-52.5978	-21.2933
1.0418	57.299	-52.3223	-21.2191
1.0419	57.0177	-52.0488	-21.1453
1.042	56.7384	-51.7774	-21.072
1.0421	56.4612	-51.508	-20.9991
1.0422	56.186	-51.2407	-20.9266
1.0423	55.9129	-50.9753	-20.8546
1.0424	55.6417	-50.7119	-20.783
1.0425	55.3726	-50.4504	-20.7119
1.0426	55.1054	-50.1909	-20.6411
1.0427	54.8402	-49.9333	-20.5708
1.0428	54.5768	-49.6775	-20.5009
1.0429	54.3154	-49.4237	-20.4314
1.043	54.0559	-49.1717	-20.3624
1.0431	53.7982	-48.9216	-20.2937
1.0432	53.5424	-48.6733	-20.2255
1.0433	53.2885	-48.4267	-20.1576
1.0434	53.0363	-48.182	-20.0901
1.0435	52.786	-47.9391	-20.0231
1.0436	52.5374	-47.6979	-19.9564
1.0437	52.2906	-47.4584	-19.8901
1.0438	52.0456	-47.2207	-19.8242
1.0439	51.8023	-46.9847	-19.7587
1.044	51.5607	-46.7503	-19.6936
1.0441	51.3208	-46.5177	-19.6288
1.0442	51.0826	-46.2866	-19.5644
1.0443	50.8461	-46.0573	-19.5004
1.0444	50.6112	-45.8295	-19.4367
1.0445	50.378	-45.6034	-19.3734
1.0446	50.1463	-45.3789	-19.3105
1.0447	49.9163	-45.1559	-19.2479
1.0448	49.6879	-44.9346	-19.1857
1.0449	49.4611	-44.7147	-19.1238
1.045	49.2358	-44.4965	-19.0623
1.0451	49.0121	-44.2797	-19.0011
1.0452	48.7899	-44.0644	-18.9403
1.0453	48.5693	-43.8507	-18.8798
1.0454	48.3501	-43.6384	-18.8197
1.0455	48.1325	-43.4276	-18.7599
1.0456	47.9163	-43.2183	-18.7004
1.0457	47.7016	-43.0104	-18.6412
1.0458	47.4884	-42.8039	-18.5824
1.0459	47.2766	-42.5988	-18.5239
1.046	47.0662	-42.3952	-18.4657
1.0461	46.8573	-42.1929	-18.4079
1.0462	46.6497	-41.992	-18.3504
1.0463	46.4435	-41.7925	-18.2931
1.0464	46.2388	-41.5944	-18.2362
1.0465	46.0353	-41.3976	-18.1796
1.0466	45.8333	-41.2021	-18.1233
1.0467	45.6326	-41.0079	-18.0674
1.0468	45.4332	-40.815	-18.0117
1.0469	45.2351	-40.6235	-17.9563
1.047	45.0383	-40.4332	-17.9012
1.0471	44.8429	-40.2442	-17.8465
1.0472	44.6487	-40.0564	-17.792
1.0473	44.4558	-39.8699	-17.7378
1.0474	44.2641	-39.6847	-17.6839
1.0475	44.0738	-39.5007	-17.6303
1.0476	43.8846	-39.3179	-17.5769
1.0477	43.6967	-39.1362	-17.5239
1.0478	43.51	-38.9558	-17.4711
1.0479	43.3245	-38.7766	-17.4186
1.048	43.1402	-38.5986	-17.3664
1.0481	42.9571	-38.4217	-17.3145
1.0482	42.7752	-38.246	-17.2628
1.0483	42.5944	-38.0714	-17.2115
1.0484	42.4148	-37.898	-17.1603
1.0485	42.2363	-37.7257	-17.1095
1.0486	42.059	-37.5545	-17.0589
1.0487	41.8828	-37.3844	-17.0086
1.0488	41.7078	-37.2154	-16.9585
1.0489	41.5338	-37.0475	-16.9087
1.049	41.361	-36.8807	-16.8592
1.0491	41.1892	-36.7149	-16.8099
1.0492	41.0185	-36.5502	-16.7609
1.0493	40.8489	-36.3866	-16.7121
1.0494	40.6804	-36.224	-16.6635
1.0495	40.5129	-36.0624	-16.6153
1.0496	40.3464	-35.9019	-16.5672
1.0497	40.181	-35.7424	-16.5194
1.0498	40.0167	-35.5839	-16.4719
1.0499	39.8533	-35.4264	-16.4246
1.05	39.691	-35.2699	-16.3775
1.0501	39.5296	-35.1144	-16.3307
1.0502	39.3693	-34.9598	-16.2841
1.0503	39.2099	-34.8062	-16.2378
1.0504	39.0516	-34.6536	-16.1916
1.0505	38.8942	-34.5019	-16.1457
1.0506	38.7377	-34.3512	-16.1001
1.0507	38.5822	-34.2014	-16.0546
1.0508	38.4277	-34.0526	-16.0094
1.0509	38.2741	-33.9046	-15.9645
1.051	38.1215	-33.7576	-15.9197
1.0511	37.9697	-33.6115	-15.8752
1.0512	37.8189	-33.4663	-15.8308
1.0513	37.669	-33.3219	-15.7867
1.0514	37.52	-33.1785	-15.7429
1.0515	37.3719	-33.0359	-15.6992
1.0516	37.2247	-32.8942	-15.6558
1.0517	37.0783	-32.7534	-15.6125
1.0518	36.9329	-32.6134	-15.5695
1.0519	36.7883	-32.4743	-15.5267
1.052	36.6445	-32.336	-15.4841
1.0521	36.5017	-32.1986	-15.4417
1.0522	36.3596	-32.062	-15.3995
1.0523	36.2185	-31.9262	-15.3575
1.0524	36.0781	-31.7912	-15.3157
1.0525	35.9386	-31.6571	-15.2741
1.0526	35.7999	-31.5237	-15.2327
1.0527	35.662	-31.3911	-15.1915
1.0528	35.5249	-31.2594	-15.1505
1.0529	35.3886	-31.1284	-15.1098
1.053	35.2531	-30.9982	-15.0692
1.0531	35.1184	-30.8687	-15.0287
1.0532	34.9845	-30.7401	-14.9885
1.0533	34.8514	-30.6122	-14.9485
1.0534	34.719	-30.485	-14.9087
1.0535	34.5874	-30.3586	-14.869
1.0536	34.4566	-30.233	-14.8296
1.0537	34.3265	-30.108	-14.7903
1.0538	34.1972	-29.9838	-14.7512
1.0539	34.0686	-29.8604	-14.7123
1.054	33.9407	-29.7376	-14.6736
1.0541	33.8136	-29.6156	-14.6351
1.0542	33.6872	-29.4943	-14.5967
1.0543	33.5615	-29.3737	-14.5585
1.0544	33.4366	-29.2538	-14.5205
1.0545	33.3123	-29.1345	-14.4827
1.0546	33.1888	-29.016	-14.445
1.0547	33.0659	-28.8982	-14.4076
1.0548	32.9438	-28.781	-14.3703
1.0549	32.8223	-28.6645	-14.3331
1.055	32.7015	-28.5487	-14.2962
1.0551	32.5814	-28.4335	-14.2594
1.0552	32.462	-28.319	-14.2227
1.0553	32.3432	-28.2051	-14.1863
1.0554	32.2251	-28.0919	-14.15
1.0555	32.1077	-27.9793	-14.1139
1.0556	31.9909	-27.8674	-14.0779
1.0557	31.8747	-27.7561	-14.0421
1.0558	31.7592	-27.6454	-14.0065
1.0559	31.6444	-27.5354	-13.971
1.056	31.5301	-27.426	-13.9357
1.0561	31.4165	-27.3172	-13.9005
1.0562	31.3036	-27.209	-13.8655
1.0563	31.1912	-27.1014	-13.8307
1.0564	31.0795	-26.9944	-13.796
1.0565	30.9683	-26.888	-13.7615
1.0566	30.8578	-26.7822	-13.7271
1.0567	30.7479	-26.677	-13.6929
1.0568	30.6386	-26.5723	-13.6588
1.0569	30.5299	-26.4683	-13.6249
1.057	30.4217	-26.3648	-13.5911
1.0571	30.3142	-26.2619	-13.5575
1.0572	30.2072	-26.1596	-13.5241
1.0573	30.1008	-26.0578	-13.4907
1.0574	29.995	-25.9566	-13.4576
1.0575	29.8898	-25.8559	-13.4245
1.0576	29.7851	-25.7558	-13.3916
1.0577	29.6809	-25.6563	-13.3589
1.0578	29.5774	-25.5572	-13.3263
1.0579	29.4744	-25.4588	-13.2938
1.058	29.3719	-25.3608	-13.2615
1.0581	29.27	-25.2634	-13.2294
1.0582	29.1686	-25.1665	-13.1973
1.0583	29.0677	-25.0702	-13.1654
1.0584	28.9674	-24.9743	-13.1337
1.0585	28.8677	-24.879	-13.102
1.0586	28.7684	-24.7842	-13.0706
1.0587	28.6697	-24.6899	-13.0392
1.0588	28.5715	-24.5961	-13.008
1.0589	28.4738	-24.5028	-12.9769
1.059	28.3766	-24.41	-12.946
1.0591	28.2799	-24.3177	-12.9152
1.0592	28.1837	-24.2259	-12.8845
1.0593	28.088	-24.1346	-12.8539
1.0594	27.9929	-24.0437	-12.8235
1.0595	27.8982	-23.9534	-12.7932
1.0596	27.804	-23.8635	-12.763
1.0597	27.7103	-23.7741	-12.733
1.0598	27.6171	-23.6852	-12.7031
1.0599	27.5243	-23.5967	-12.6733
1.06	27.4321	-23.5087	-12.6436
1.0601	27.3403	-23.4212	-12.6141
1.0602	27.2489	-23.3341	-12.5847
1.0603	27.1581	-23.2475	-12.5554
1.0604	27.0677	-23.1613	-12.5262
1.0605	26.9778	-23.0756	-12.4972
1.0606	26.8883	-22.9903	-12.4683
1.0607	26.7993	-22.9055	-12.4395
1.0608	26.7107	-22.8211	-12.4108
1.0609	26.6226	-22.7371	-12.3822
1.061	26.535	-22.6536	-12.3538
1.0611	26.4477	-22.5705	-12.3254
1.0612	26.3609	-22.4879	-12.2972
1.0613	26.2746	-22.4056	-12.2691
1.0614	26.1887	-22.3238	-12.2411
1.0615	26.1032	-22.2424	-12.2133
1.0616	26.0181	-22.1615	-12.1855
1.0617	25.9335	-22.0809	-12.1579
1.0618	25.8493	-22.0007	-12.1303
1.0619	25.7655	-21.921	-12.1029
1.062	25.6821	-21.8417	-12.0756
1.0621	25.5992	-21.7627	-12.0484
1.0622	25.5166	-21.6842	-12.0213
1.0623	25.4345	-21.6061	-11.9944
1.0624	25.3528	-21.5283	-11.9675
1.0625	25.2714	-21.451	-11.9407
1.0626	25.1905	-21.374	-11.9141
1.0627	25.11	-21.2974	-11.8876
1.0628	25.0299	-21.2213	-11.8611
1.0629	24.9501	-21.1455	-11.8348
1.063	24.8708	-21.07	-11.8086
1.0631	24.7918	-20.995	-11.7824
1.0632	24.7132	-20.9203	-11.7564
1.0633	24.635	-20.846	-11.7305
1.0634	24.5572	-20.7721	-11.7047
1.0635	24.4798	-20.6985	-11.679
1.0636	24.4027	-20.6253	-11.6534
1.0637	24.326	-20.5525	-11.6279
1.0638	24.2497	-20.48	-11.6025
1.0639	24.1738	-20.4079	-11.5772
1.064	24.0982	-20.3361	-11.552
1.0641	24.023	-20.2647	-11.5269
1.0642	23.9481	-20.1936	-11.5019
1.0643	23.8736	-20.1229	-11.477
1.0644	23.7995	-20.0526	-11.4522
1.0645	23.7257	-19.9825	-11.4275
1.0646	23.6522	-19.9129	-11.4028
1.0647	23.5791	-19.8435	-11.3783
1.0648	23.5064	-19.7745	-11.3539
1.0649	23.434	-19.7059	-11.3296
1.065	23.362	-19.6375	-11.3053
1.0651	23.2902	-19.5695	-11.2812
1.0652	23.2189	-19.5019	-11.2571
1.0653	23.1478	-19.4345	-11.2332
1.0654	23.0771	-19.3675	-11.2093
1.0655	23.0068	-19.3008	-11.1855
1.0656	22.9367	-19.2344	-11.1618
1.0657	22.867	-19.1684	-11.1383
1.0658	22.7976	-19.1026	-11.1148
1.0659	22.7286	-19.0372	-11.0913
1.066	22.6598	-18.9721	-11.068
1.0661	22.5914	-18.9073	-11.0448
1.0662	22.5233	-18.8428	-11.0216
1.0663	22.4555	-18.7786	-10.9986
1.0664	22.3881	-18.7147	-10.9756
1.0665	22.3209	-18.6511	-10.9527
1.0666	22.2541	-18.5879	-10.9299
1.0667	22.1875	-18.5249	-10.9072
1.0668	22.1213	-18.4622	-10.8846
1.0669	22.0554	-18.3998	-10.8621
1.067	21.9898	-18.3377	-10.8396
1.0671	21.9245	-18.2759	-10.8172
1.0672	21.8594	-18.2144	-10.7949
1.0673	21.7947	-18.1532	-10.7727
1.0674	21.7303	-18.0923	-10.7506
1.0675	21.6661	-18.0316	-10.7286
1.0676	21.6023	-17.9713	-10.7066
1.0677	21.5388	-17.9112	-10.6848
1.0678	21.4755	-17.8514	-10.663
1.0679	21.4125	-17.7918	-10.6412
1.068	21.3498	-17.7326	-10.6196
1.0681	21.2874	-17.6736	-10.5981
1.0682	21.2253	-17.6149	-10.5766
1.0683	21.1634	-17.5565	-10.5552
1.0684	21.1019	-17.4983	-10.5339
1.0685	21.0406	-17.4404	-10.5126
1.0686	20.9796	-17.3828	-10.4915
1.0687	20.9188	-17.3254	-10.4704
1.0688	20.8583	-17.2683	-10.4494
1.0689	20.7981	-17.2115	-10.4285
1.069	20.7382	-17.1549	-10.4076
1.0691	20.6785	-17.0986	-10.3868
1.0692	20.6191	-17.0425	-10.3661
1.0693	20.56	-16.9867	-10.3455
1.0694	20.5011	-16.9312	-10.3249
1.0695	20.4425	-16.8759	-10.3045
1.0696	20.3842	-16.8208	-10.2841
1.0697	20.3261	-16.766	-10.2637
1.0698	20.2682	-16.7115	-10.2435
1.0699	20.2106	-16.6572	-10.2233
1.07	20.1533	-16.6031	-10.2032
1.0701	20.0962	-16.5493	-10.1831
1.0702	20.0394	-16.4957	-10.1632
1.0703	19.9828	-16.4424	-10.1433
1.0704	19.9264	-16.3893	-10.1235
1.0705	19.8704	-16.3364	-10.1037
1.0706	19.8145	-16.2838	-10.084
1.0707	19.7589	-16.2314	-10.0644
1.0708	19.7035	-16.1793	-10.0449
1.0709	19.6484	-16.1273	-10.0254
1.071	19.5935	-16.0757	-10.006
1.0711	19.5389	-16.0242	-9.98663
1.0712	19.4845	-15.973	-9.96736
1.0713	19.4303	-15.922	-9.94815
1.0714	19.3763	-15.8712	-9.92902
1.0715	19.3226	-15.8206	-9.90995
1.0716	19.2692	-15.7703	-9.89095
1.0717	19.2159	-15.7202	-9.87202
1.0718	19.1629	-15.6703	-9.85315
1.0719	19.1101	-15.6206	-9.83435
1.072	19.0575	-15.5712	-9.81561
1.0721	19.0052	-15.5219	-9.79694
1.0722	18.953	-15.4729	-9.77833
1.0723	18.9011	-15.4241	-9.75979
1.0724	18.8494	-15.3755	-9.74131
1.0725	18.798	-15.3271	-9.7229
1.0726	18.7467	-15.279	-9.70454
1.0727	18.6957	-15.231	-9.68626
1.0728	18.6449	-15.1832	-9.66803
1.0729	18.5943	-15.1357	-9.64987
1.073	18.5439	-15.0883	-9.63177
1.0731	18.4937	-15.0412	-9.61374
1.0732	18.4438	-14.9943	-9.59576
1.0733	18.394	-14.9475	-9.57785
1.0734	18.3444	-14.901	-9.56
1.0735	18.2951	-14.8547	-9.54221
1.0736	18.246	-14.8085	-9.52447
1.0737	18.197	-14.7626	-9.5068
1.0738	18.1483	-14.7169	-9.48919
1.0739	18.0998	-14.6713	-9.47164
1.074	18.0515	-14.626	-9.45415
1.0741	18.0033	-14.5808	-9.43672
1.0742	17.9554	-14.5359	-9.41935
1.0743	17.9077	-14.4911	-9.40203
1.0744	17.8602	-14.4465	-9.38478
1.0745	17.8128	-14.4021	-9.36758
1.0746	17.7657	-14.3579	-9.35044
1.0747	17.7188	-14.3139	-9.33336
1.0748	17.672	-14.2701	-9.31633
1.0749	17.6254	-14.2264	-9.29936
1.075	17.5791	-14.183	-9.28245
1.0751	17.5329	-14.1397	-9.2656
1.0752	17.4869	-14.0966	-9.2488
1.0753	17.4411	-14.0537	-9.23205
1.0754	17.3955	-14.0109	-9.21537
1.0755	17.35	-13.9684	-9.19874
1.0756	17.3048	-13.926	-9.18216
1.0757	17.2597	-13.8838	-9.16564
1.0758	17.2148	-13.8418	-9.14917
1.0759	17.1701	-13.7999	-9.13276
1.076	17.1256	-13.7582	-9.1164
1.0761	17.0813	-13.7167	-9.10009
1.0762	17.0371	-13.6754	-9.08384
1.0763	16.9931	-13.6342	-9.06764
1.0764	16.9493	-13.5932	-9.0515
1.0765	16.9057	-13.5524	-9.03541
1.0766	16.8622	-13.5118	-9.01937
1.0767	16.819	-13.4713	-9.00338
1.0768	16.7758	-13.4309	-8.98744
1.0769	16.7329	-13.3908	-8.97156
1.077	16.6901	-13.3508	-8.95573
1.0771	16.6475	-13.311	-8.93995
1.0772	16.6051	-13.2713	-8.92422
1.0773	16.5629	-13.2318	-8.90854
1.0774	16.5208	-13.1925	-8.89292
1.0775	16.4788	-13.1533	-8.87734
1.0776	16.4371	-13.1143	-8.86181
1.0777	16.3955	-13.0754	-8.84634
1.0778	16.354	-13.0367	-8.83091
1.0779	16.3128	-12.9982	-8.81553
1.078	16.2717	-12.9598	-8.80021
1.0781	16.2307	-12.9215	-8.78493
1.0782	16.1899	-12.8835	-8.7697
1.0783	16.1493	-12.8455	-8.75452
1.0784	16.1089	-12.8078	-8.73939
1.0785	16.0685	-12.7701	-8.7243
1.0786	16.0284	-12.7327	-8.70927
1.0787	15.9884	-12.6954	-8.69428
1.0788	15.9486	-12.6582	-8.67934
1.0789	15.9089	-12.6212	-8.66444
1.079	15.8693	-12.5843	-8.6496
1.0791	15.83	-12.5476	-8.6348
1.0792	15.7907	-12.511	-8.62005
1.0793	15.7517	-12.4746	-8.60534
1.0794	15.7128	-12.4383	-8.59068
1.0795	15.674	-12.4021	-8.57607
1.0796	15.6354	-12.3661	-8.5615
1.0797	15.5969	-12.3303	-8.54698
1.0798	15.5586	-12.2945	-8.53251
1.0799	15.5204	-12.259	-8.51807
1.08	15.4823	-12.2235	-8.50369
1.0801	15.4445	-12.1882	-8.48935
1.0802	15.4067	-12.1531	-8.47505
1.0803	15.3691	-12.1181	-8.4608
1.0804	15.3317	-12.0832	-8.44659
1.0805	15.2943	-12.0485	-8.43243
1.0806	15.2572	-12.0139	-8.41831
1.0807	15.2201	-11.9794	-8.40424
1.0808	15.1832	-11.9451	-8.39021
1.0809	15.1465	-11.9109	-8.37622
1.081	15.1099	-11.8768	-8.36227
1.0811	15.0734	-11.8429	-8.34837
1.0812	15.0371	-11.809	-8.33451
1.0813	15.0009	-11.7754	-8.32069
1.0814	14.9648	-11.7418	-8.30692
1.0815	14.9289	-11.7084	-8.29319
1.0816	14.8931	-11.6751	-8.2795
1.0817	14.8574	-11.642	-8.26585
1.0818	14.8219	-11.609	-8.25225
1.0819	14.7865	-11.5761	-8.23868
1.082	14.7513	-11.5433	-8.22516
1.0821	14.7161	-11.5107	-8.21168
1.0822	14.6811	-11.4782	-8.19823
1.0823	14.6463	-11.4458	-8.18483
1.0824	14.6115	-11.4135	-8.17147
1.0825	14.5769	-11.3814	-8.15815
1.0826	14.5424	-11.3493	-8.14488
1.0827	14.5081	-11.3174	-8.13164
1.0828	14.4739	-11.2857	-8.11844
1.0829	14.4398	-11.254	-8.10528
1.083	14.4058	-11.2225	-8.09216
1.0831	14.3719	-11.1911	-8.07908
1.0832	14.3382	-11.1598	-8.06604
1.0833	14.3046	-11.1286	-8.05304
1.0834	14.2711	-11.0975	-8.04008
1.0835	14.2378	-11.0666	-8.02715
1.0836	14.2045	-11.0358	-8.01427
1.0837	14.1714	-11.0051	-8.00142
1.0838	14.1384	-10.9745	-7.98861
1.0839	14.1056	-10.944	-7.97584
1.084	14.0728	-10.9136	-7.96311
1.0841	14.0402	-10.8834	-7.95041
1.0842	14.0077	-10.8532	-7.93776
1.0843	13.9753	-10.8232	-7.92514
1.0844	13.943	-10.7933	-7.91256
1.0845	13.9109	-10.7635	-7.90001
1.0846	13.8788	-10.7338	-7.8875
1.0847	13.8469	-10.7043	-7.87503
1.0848	13.8151	-10.6748	-7.8626
1.0849	13.7834	-10.6455	-7.8502
1.085	13.7518	-10.6162	-7.83784
1.0851	13.7203	-10.5871	-7.82551
1.0852	13.689	-10.558	-7.81322
1.0853	13.6577	-10.5291	-7.80097
1.0854	13.6266	-10.5003	-7.78876
1.0855	13.5956	-10.4716	-7.77657
1.0856	13.5646	-10.443	-7.76443
1.0857	13.5338	-10.4145	-7.75232
1.0858	13.5032	-10.3861	-7.74024
1.0859	13.4726	-10.3578	-7.7282
1.086	13.4421	-10.3297	-7.7162
1.0861	13.4117	-10.3016	-7.70423
1.0862	13.3815	-10.2736	-7.69229
1.0863	13.3513	-10.2458	-7.68039
1.0864	13.3213	-10.218	-7.66852
1.0865	13.2913	-10.1903	-7.65669
1.0866	13.2615	-10.1628	-7.64489
1.0867	13.2318	-10.1353	-7.63313
1.0868	13.2022	-10.1079	-7.6214
1.0869	13.1726	-10.0807	-7.6097
1.087	13.1432	-10.0535	-7.59804
1.0871	13.1139	-10.0264	-7.58641
1.0872	13.0847	-9.99945	-7.57481
1.0873	13.0556	-9.97258	-7.56324
1.0874	13.0266	-9.94581	-7.55171
1.0875	12.9977	-9.91913	-7.54022
1.0876	12.9689	-9.89255	-7.52875
1.0877	12.9402	-9.86607	-7.51732
1.0878	12.9116	-9.83968	-7.50592
1.0879	12.8831	-9.81338	-7.49455
1.088	12.8547	-9.78718	-7.48322
1.0881	12.8264	-9.76108	-7.47191
1.0882	12.7982	-9.73507	-7.46064
1.0883	12.7701	-9.70915	-7.4494
1.0884	12.742	-9.68332	-7.43819
1.0885	12.7141	-9.65759	-7.42702
1.0886	12.6863	-9.63195	-7.41587
1.0887	12.6586	-9.6064	-7.40476
1.0888	12.631	-9.58094	-7.39368
1.0889	12.6034	-9.55557	-7.38262
1.089	12.576	-9.53029	-7.3716
1.0891	12.5486	-9.50511	-7.36062
1.0892	12.5214	-9.48001	-7.34966
1.0893	12.4942	-9.455	-7.33873
1.0894	12.4672	-9.43008	-7.32783
1.0895	12.4402	-9.40525	-7.31696
1.0896	12.4133	-9.3805	-7.30613
1.0897	12.3865	-9.35584	-7.29532
1.0898	12.3598	-9.33127	-7.28454
1.0899	12.3332	-9.30679	-7.2738
1.09	12.3067	-9.28239	-7.26308
1.0901	12.2803	-9.25808	-7.25239
1.0902	12.2539	-9.23385	-7.24173
1.0903	12.2277	-9.20971	-7.2311
1.0904	12.2015	-9.18565	-7.2205
1.0905	12.1754	-9.16168	-7.20993
1.0906	12.1495	-9.13779	-7.19939
1.0907	12.1236	-9.11398	-7.18888
1.0908	12.0978	-9.09026	-7.1784
1.0909	12.072	-9.06662	-7.16794
1.091	12.0464	-9.04306	-7.15752
1.0911	12.0208	-9.01959	-7.14712
1.0912	11.9954	-8.99619	-7.13675
1.0913	11.97	-8.97288	-7.12641
1.0914	11.9447	-8.94965	-7.1161
1.0915	11.9195	-8.92649	-7.10581
1.0916	11.8944	-8.90342	-7.09555
1.0917	11.8693	-8.88043	-7.08533
1.0918	11.8444	-8.85752	-7.07513
1.0919	11.8195	-8.83468	-7.06495
1.092	11.7947	-8.81193	-7.05481
1.0921	11.77	-8.78925	-7.04469
1.0922	11.7453	-8.76665	-7.0346
1.0923	11.7208	-8.74413	-7.02453
1.0924	11.6963	-8.72169	-7.0145
1.0925	11.6719	-8.69932	-7.00449
1.0926	11.6476	-8.67703	-6.9945
1.0927	11.6234	-8.65481	-6.98455
1.0928	11.5992	-8.63267	-6.97462
1.0929	11.5752	-8.61061	-6.96472
1.093	11.5512	-8.58862	-6.95484
1.0931	11.5273	-8.56671	-6.94499
1.0932	11.5034	-8.54487	-6.93517
1.0933	11.4797	-8.52311	-6.92537
1.0934	11.456	-8.50141	-6.9156
1.0935	11.4324	-8.4798	-6.90585
1.0936	11.4089	-8.45825	-6.89613
1.0937	11.3854	-8.43678	-6.88644
1.0938	11.3621	-8.41538	-6.87677
1.0939	11.3388	-8.39406	-6.86713
1.094	11.3155	-8.3728	-6.85751
1.0941	11.2924	-8.35162	-6.84792
1.0942	11.2693	-8.33051	-6.83836
1.0943	11.2463	-8.30947	-6.82882
1.0944	11.2234	-8.2885	-6.8193
1.0945	11.2006	-8.2676	-6.80981
1.0946	11.1778	-8.24677	-6.80035
1.0947	11.1551	-8.22601	-6.7909
1.0948	11.1325	-8.20531	-6.78149
1.0949	11.1099	-8.18469	-6.7721
1.095	11.0874	-8.16414	-6.76273
1.0951	11.065	-8.14366	-6.75339
1.0952	11.0427	-8.12324	-6.74407
1.0953	11.0204	-8.10289	-6.73478
1.0954	10.9982	-8.08261	-6.72551
1.0955	10.9761	-8.0624	-6.71626
1.0956	10.954	-8.04225	-6.70704
1.0957	10.9321	-8.02217	-6.69785
1.0958	10.9101	-8.00216	-6.68867
1.0959	10.8883	-7.98221	-6.67952
1.096	10.8665	-7.96233	-6.6704
1.0961	10.8448	-7.94252	-6.6613
1.0962	10.8232	-7.92277	-6.65222
1.0963	10.8016	-7.90308	-6.64316
1.0964	10.7801	-7.88346	-6.63413
1.0965	10.7587	-7.8639	-6.62512
1.0966	10.7373	-7.84441	-6.61614
1.0967	10.716	-7.82498	-6.60718
1.0968	10.6948	-7.80562	-6.59824
1.0969	10.6736	-7.78632	-6.58932
1.097	10.6525	-7.76708	-6.58043
1.0971	10.6315	-7.74791	-6.57156
1.0972	10.6105	-7.72879	-6.56271
1.0973	10.5896	-7.70974	-6.55389
1.0974	10.5688	-7.69076	-6.54508
1.0975	10.548	-7.67183	-6.5363
1.0976	10.5273	-7.65297	-6.52754
1.0977	10.5067	-7.63416	-6.51881
1.0978	10.4861	-7.61542	-6.5101
1.0979	10.4656	-7.59674	-6.5014
1.098	10.4451	-7.57812	-6.49274
1.0981	10.4247	-7.55956	-6.48409
1.0982	10.4044	-7.54105	-6.47546
1.0983	10.3842	-7.52261	-6.46686
1.0984	10.364	-7.50423	-6.45828
1.0985	10.3438	-7.48591	-6.44972
1.0986	10.3238	-7.46764	-6.44118
1.0987	10.3037	-7.44944	-6.43266
1.0988	10.2838	-7.43129	-6.42417
1.0989	10.2639	-7.4132	-6.41569
1.099	10.2441	-7.39517	-6.40724
1.0991	10.2243	-7.3772	-6.39881
1.0992	10.2046	-7.35928	-6.39039
1.0993	10.185	-7.34143	-6.382
1.0994	10.1654	-7.32362	-6.37364
1.0995	10.1459	-7.30588	-6.36529
1.0996	10.1264	-7.28819	-6.35696
1.0997	10.107	-7.27056	-6.34865
1.0998	10.0876	-7.25298	-6.34037
1.0999	10.0684	-7.23547	-6.3321
