1	0	7.61296e-017	0
1.0001	-3.03054e-016	3.79061e-016	-24.2514
1.0002	-3.02384e-016	3.7827e-016	-24.2171
1.0003	-3.01716e-016	3.77481e-016	-24.1829
1.0004	-3.0105e-016	3.76694e-016	-24.1487
1.0005	-3.00386e-016	3.7591e-016	-24.1147
1.0006	-2.99724e-016	3.75127e-016	-24.0807
1.0007	-2.99064e-016	3.74347e-016	-24.0468
1.0008	-2.98406e-016	3.73569e-016	-24.013
1.0009	-2.9775e-016	3.72793e-016	-23.9792
1.001	-2.97096e-016	3.7202e-016	-23.9455
1.0011	-2.96444e-016	3.71248e-016	-23.9119
1.0012	-2.95793e-016	3.70479e-016	-23.8784
1.0013	-2.95145e-016	3.69712e-016	-23.8449
1.0014	-2.94499e-016	3.68947e-016	-23.8115
1.0015	-2.93854e-016	3.68184e-016	-23.7782
1.0016	-2.93211e-016	3.67423e-016	-23.745
1.0017	-2.92571e-016	3.66664e-016	-23.7118
1.0018	-2.91932e-016	3.65908e-016	-23.6787
1.0019	-2.91295e-016	3.65154e-016	-23.6457
1.002	-2.90659e-016	3.64401e-016	-23.6128
1.0021	-2.90026e-016	3.63651e-016	-23.5799
1.0022	-2.89394e-016	3.62903e-016	-23.5471
1.0023	-2.88765e-016	3.62157e-016	-23.5144
1.0024	-2.88137e-016	3.61413e-016	-23.4817
1.0025	-2.87511e-016	3.60671e-016	-23.4491
1.0026	-2.86887e-016	3.59931e-016	-23.4166
1.0027	-2.86265e-016	3.59193e-016	-23.3842
1.0028	-2.85644e-016	3.58457e-016	-23.3518
1.0029	-2.85025e-016	3.57724e-016	-23.3195
1.003	-2.84408e-016	3.56992e-016	-23.2873
1.0031	-2.83793e-016	3.56262e-016	-23.2551
1.0032	-2.8318e-016	3.55535e-016	-23.223
1.0033	-2.82568e-016	3.54809e-016	-23.191
1.0034	-2.81959e-016	3.54085e-016	-23.1591
1.0035	-2.81351e-016	3.53364e-016	-23.1272
1.0036	-2.80744e-016	3.52644e-016	-23.0954
1.0037	-2.8014e-016	3.51926e-016	-23.0637
1.0038	-2.79537e-016	3.5121e-016	-23.032
1.0039	-2.78936e-016	3.50497e-016	-23.0004
1.004	-2.78337e-016	3.49785e-016	-22.9688
1.0041	-2.77739e-016	3.49075e-016	-22.9374
1.0042	-2.77143e-016	3.48367e-016	-22.906
1.0043	-2.76549e-016	3.47661e-016	-22.8747
1.0044	-2.75957e-016	3.46957e-016	-22.8434
1.0045	-2.75366e-016	3.46255e-016	-22.8122
1.0046	-2.74777e-016	3.45555e-016	-22.7811
1.0047	-2.7419e-016	3.44856e-016	-22.75
1.0048	-2.73604e-016	3.4416e-016	-22.719
1.0049	-2.7302e-016	3.43465e-016	-22.6881
1.005	-2.72438e-016	3.42773e-016	-22.6572
1.0051	-2.71857e-016	3.42082e-016	-22.6265
1.0052	-2.71279e-016	3.41393e-016	-22.5957
1.0053	-2.70701e-016	3.40706e-016	-22.5651
1.0054	-2.70126e-016	3.40021e-016	-22.5345
1.0055	-2.69552e-016	3.39338e-016	-22.504
1.0056	-2.68979e-016	3.38657e-016	-22.4735
1.0057	-2.68409e-016	3.37977e-016	-22.4431
1.0058	-2.6784e-016	3.37299e-016	-22.4128
1.0059	-2.67272e-016	3.36623e-016	-22.3825
1.006	-2.66706e-016	3.35949e-016	-22.3523
1.0061	-2.66142e-016	3.35277e-016	-22.3222
1.0062	-2.65579e-016	3.34607e-016	-22.2921
1.0063	-2.65018e-016	3.33938e-016	-22.2621
1.0064	-2.64459e-016	3.33272e-016	-22.2321
1.0065	-2.63901e-016	3.32607e-016	-22.2023
1.0066	-2.63345e-016	3.31943e-016	-22.1724
1.0067	-2.6279e-016	3.31282e-016	-22.1427
1.0068	-2.62237e-016	3.30622e-016	-22.113
1.0069	-2.61686e-016	3.29965e-016	-22.0834
1.007	-2.61136e-016	3.29308e-016	-22.0538
1.0071	-2.60587e-016	3.28654e-016	-22.0243
1.0072	-2.6004e-016	3.28002e-016	-21.9949
1.0073	-2.59495e-016	3.27351e-016	-21.9655
1.0074	-2.58951e-016	3.26702e-016	-21.9362
1.0075	-2.58409e-016	3.26054e-016	-21.9069
1.0076	-2.57868e-016	3.25409e-016	-21.8778
1.0077	-2.57329e-016	3.24765e-016	-21.8486
1.0078	-2.56792e-016	3.24123e-016	-21.8196
1.0079	-2.56255e-016	3.23483e-016	-21.7906
1.008	-2.55721e-016	3.22844e-016	-21.7616
1.0081	-2.55188e-016	3.22207e-016	-21.7327
1.0082	-2.54656e-016	3.21572e-016	-21.7039
1.0083	-2.54126e-016	3.20938e-016	-21.6752
1.0084	-2.53597e-016	3.20306e-016	-21.6465
1.0085	-2.5307e-016	3.19676e-016	-21.6178
1.0086	-2.52544e-016	3.19047e-016	-21.5893
1.0087	-2.5202e-016	3.1842e-016	-21.5607
1.0088	-2.51497e-016	3.17795e-016	-21.5323
1.0089	-2.50976e-016	3.17172e-016	-21.5039
1.009	-2.50456e-016	3.1655e-016	-21.4755
1.0091	-2.49938e-016	3.15929e-016	-21.4473
1.0092	-2.49421e-016	3.15311e-016	-21.419
1.0093	-2.48905e-016	3.14694e-016	-21.3909
1.0094	-2.48391e-016	3.14078e-016	-21.3628
1.0095	-2.47879e-016	3.13465e-016	-21.3347
1.0096	-2.47368e-016	3.12853e-016	-21.3068
1.0097	-2.46858e-016	3.12242e-016	-21.2788
1.0098	-2.46349e-016	3.11633e-016	-21.251
1.0099	-2.45843e-016	3.11026e-016	-21.2232
1.01	-2.45337e-016	3.1042e-016	-21.1954
1.0101	-2.44833e-016	3.09816e-016	-21.1677
1.0102	-2.4433e-016	3.09214e-016	-21.1401
1.0103	-2.43829e-016	3.08613e-016	-21.1125
1.0104	-2.43329e-016	3.08014e-016	-21.085
1.0105	-2.4283e-016	3.07416e-016	-21.0575
1.0106	-2.42333e-016	3.0682e-016	-21.0301
1.0107	-2.41837e-016	3.06225e-016	-21.0028
1.0108	-2.41343e-016	3.05632e-016	-20.9755
1.0109	-2.4085e-016	3.0504e-016	-20.9482
1.011	-2.40358e-016	3.04451e-016	-20.9211
1.0111	-2.39868e-016	3.03862e-016	-20.8939
1.0112	-2.39379e-016	3.03275e-016	-20.8669
1.0113	-2.38891e-016	3.0269e-016	-20.8399
1.0114	-2.38405e-016	3.02106e-016	-20.8129
1.0115	-2.3792e-016	3.01524e-016	-20.786
1.0116	-2.37436e-016	3.00943e-016	-20.7592
1.0117	-2.36954e-016	3.00364e-016	-20.7324
1.0118	-2.36473e-016	2.99786e-016	-20.7057
1.0119	-2.35993e-016	2.9921e-016	-20.679
1.012	-2.35515e-016	2.98635e-016	-20.6524
1.0121	-2.35038e-016	2.98062e-016	-20.6258
1.0122	-2.34562e-016	2.9749e-016	-20.5993
1.0123	-2.34087e-016	2.9692e-016	-20.5728
1.0124	-2.33614e-016	2.96351e-016	-20.5464
1.0125	-2.33142e-016	2.95784e-016	-20.5201
1.0126	-2.32672e-016	2.95218e-016	-20.4938
1.0127	-2.32203e-016	2.94653e-016	-20.4675
1.0128	-2.31735e-016	2.94091e-016	-20.4413
1.0129	-2.31268e-016	2.93529e-016	-20.4152
1.013	-2.30802e-016	2.92969e-016	-20.3891
1.0131	-2.30338e-016	2.9241e-016	-20.3631
1.0132	-2.29875e-016	2.91853e-016	-20.3371
1.0133	-2.29414e-016	2.91298e-016	-20.3112
1.0134	-2.28953e-016	2.90743e-016	-20.2853
1.0135	-2.28494e-016	2.90191e-016	-20.2595
1.0136	-2.28036e-016	2.89639e-016	-20.2338
1.0137	-2.2758e-016	2.89089e-016	-20.208
1.0138	-2.27124e-016	2.88541e-016	-20.1824
1.0139	-2.2667e-016	2.87993e-016	-20.1568
1.014	-2.26217e-016	2.87448e-016	-20.1312
1.0141	-2.25765e-016	2.86903e-016	-20.1057
1.0142	-2.25315e-016	2.8636e-016	-20.0803
1.0143	-2.24866e-016	2.85819e-016	-20.0549
1.0144	-2.24417e-016	2.85278e-016	-20.0295
1.0145	-2.23971e-016	2.8474e-016	-20.0042
1.0146	-2.23525e-016	2.84202e-016	-19.979
1.0147	-2.2308e-016	2.83666e-016	-19.9538
1.0148	-2.22637e-016	2.83131e-016	-19.9287
1.0149	-2.22195e-016	2.82598e-016	-19.9036
1.015	-2.21754e-016	2.82066e-016	-19.8785
1.0151	-2.21315e-016	2.81536e-016	-19.8535
1.0152	-2.20876e-016	2.81006e-016	-19.8286
1.0153	-2.20439e-016	2.80478e-016	-19.8037
1.0154	-2.20003e-016	2.79952e-016	-19.7789
1.0155	-2.19568e-016	2.79427e-016	-19.7541
1.0156	-2.19134e-016	2.78903e-016	-19.7293
1.0157	-2.18701e-016	2.7838e-016	-19.7046
1.0158	-2.1827e-016	2.77859e-016	-19.68
1.0159	-2.17839e-016	2.77339e-016	-19.6554
1.016	-2.1741e-016	2.7682e-016	-19.6309
1.0161	-2.16982e-016	2.76303e-016	-19.6064
1.0162	-2.16555e-016	2.75787e-016	-19.5819
1.0163	-2.16129e-016	2.75272e-016	-19.5575
1.0164	-2.15705e-016	2.74759e-016	-19.5332
1.0165	-2.15281e-016	2.74247e-016	-19.5089
1.0166	-2.14859e-016	2.73736e-016	-19.4847
1.0167	-2.14438e-016	2.73227e-016	-19.4605
1.0168	-2.14017e-016	2.72718e-016	-19.4363
1.0169	-2.13598e-016	2.72211e-016	-19.4122
1.017	-2.13181e-016	2.71706e-016	-19.3881
1.0171	-2.12764e-016	2.71201e-016	-19.3641
1.0172	-2.12348e-016	2.70698e-016	-19.3402
1.0173	-2.11933e-016	2.70196e-016	-19.3163
1.0174	-2.1152e-016	2.69696e-016	-19.2924
1.0175	-2.11108e-016	2.69197e-016	-19.2686
1.0176	-2.10696e-016	2.68698e-016	-19.2448
1.0177	-2.10286e-016	2.68202e-016	-19.2211
1.0178	-2.09877e-016	2.67706e-016	-19.1974
1.0179	-2.09469e-016	2.67212e-016	-19.1738
1.018	-2.09062e-016	2.66719e-016	-19.1502
1.0181	-2.08656e-016	2.66227e-016	-19.1267
1.0182	-2.08251e-016	2.65736e-016	-19.1032
1.0183	-2.07848e-016	2.65247e-016	-19.0798
1.0184	-2.07445e-016	2.64758e-016	-19.0564
1.0185	-2.07043e-016	2.64271e-016	-19.033
1.0186	-2.06643e-016	2.63786e-016	-19.0097
1.0187	-2.06243e-016	2.63301e-016	-18.9865
1.0188	-2.05845e-016	2.62818e-016	-18.9632
1.0189	-2.05447e-016	2.62335e-016	-18.9401
1.019	-2.05051e-016	2.61855e-016	-18.917
1.0191	-2.04656e-016	2.61375e-016	-18.8939
1.0192	-2.04261e-016	2.60896e-016	-18.8709
1.0193	-2.03868e-016	2.60419e-016	-18.8479
1.0194	-2.03476e-016	2.59943e-016	-18.8249
1.0195	-2.03085e-016	2.59468e-016	-18.802
1.0196	-2.02695e-016	2.58994e-016	-18.7792
1.0197	-2.02305e-016	2.58521e-016	-18.7564
1.0198	-2.01917e-016	2.5805e-016	-18.7336
1.0199	-2.0153e-016	2.57579e-016	-18.7109
1.02	-2.01144e-016	2.5711e-016	-18.6883
1.0201	-2.00759e-016	2.56642e-016	-18.6656
1.0202	-2.00375e-016	2.56175e-016	-18.6431
1.0203	-1.99992e-016	2.55709e-016	-18.6205
1.0204	-1.9961e-016	2.55245e-016	-18.598
1.0205	-1.99229e-016	2.54781e-016	-18.5756
1.0206	-1.98848e-016	2.54319e-016	-18.5532
1.0207	-1.98469e-016	2.53858e-016	-18.5308
1.0208	-1.98091e-016	2.53398e-016	-18.5085
1.0209	-1.97714e-016	2.52939e-016	-18.4862
1.021	-1.97338e-016	2.52481e-016	-18.464
1.0211	-1.96963e-016	2.52025e-016	-18.4418
1.0212	-1.96588e-016	2.51569e-016	-18.4197
1.0213	-1.96215e-016	2.51115e-016	-18.3976
1.0214	-1.95843e-016	2.50661e-016	-18.3755
1.0215	-1.95471e-016	2.50209e-016	-18.3535
1.0216	-1.95101e-016	2.49758e-016	-18.3315
1.0217	-1.94732e-016	2.49308e-016	-18.3096
1.0218	-1.94363e-016	2.48859e-016	-18.2877
1.0219	-1.93996e-016	2.48412e-016	-18.2658
1.022	-1.93629e-016	2.47965e-016	-18.244
1.0221	-1.93263e-016	2.47519e-016	-18.2223
1.0222	-1.92899e-016	2.47075e-016	-18.2006
1.0223	-1.92535e-016	2.46631e-016	-18.1789
1.0224	-1.92172e-016	2.46189e-016	-18.1573
1.0225	-1.9181e-016	2.45748e-016	-18.1357
1.0226	-1.91449e-016	2.45308e-016	-18.1141
1.0227	-1.91089e-016	2.44868e-016	-18.0926
1.0228	-1.9073e-016	2.4443e-016	-18.0711
1.0229	-1.90372e-016	2.43993e-016	-18.0497
1.023	-1.90015e-016	2.43557e-016	-18.0283
1.0231	-1.89658e-016	2.43123e-016	-18.007
1.0232	-1.89303e-016	2.42689e-016	-17.9857
1.0233	-1.88949e-016	2.42256e-016	-17.9644
1.0234	-1.88595e-016	2.41824e-016	-17.9432
1.0235	-1.88242e-016	2.41393e-016	-17.922
1.0236	-1.8789e-016	2.40964e-016	-17.9009
1.0237	-1.87539e-016	2.40535e-016	-17.8798
1.0238	-1.87189e-016	2.40108e-016	-17.8587
1.0239	-1.8684e-016	2.39681e-016	-17.8377
1.024	-1.86492e-016	2.39256e-016	-17.8167
1.0241	-1.86145e-016	2.38831e-016	-17.7957
1.0242	-1.85798e-016	2.38408e-016	-17.7748
1.0243	-1.85453e-016	2.37985e-016	-17.754
1.0244	-1.85108e-016	2.37564e-016	-17.7332
1.0245	-1.84764e-016	2.37143e-016	-17.7124
1.0246	-1.84421e-016	2.36724e-016	-17.6916
1.0247	-1.84079e-016	2.36305e-016	-17.6709
1.0248	-1.83738e-016	2.35888e-016	-17.6503
1.0249	-1.83397e-016	2.35472e-016	-17.6297
1.025	-1.83058e-016	2.35056e-016	-17.6091
1.0251	-1.82719e-016	2.34642e-016	-17.5885
1.0252	-1.82382e-016	2.34228e-016	-17.568
1.0253	-1.82045e-016	2.33816e-016	-17.5476
1.0254	-1.81709e-016	2.33404e-016	-17.5271
1.0255	-1.81373e-016	2.32994e-016	-17.5067
1.0256	-1.81039e-016	2.32584e-016	-17.4864
1.0257	-1.80705e-016	2.32176e-016	-17.4661
1.0258	-1.80373e-016	2.31768e-016	-17.4458
1.0259	-1.80041e-016	2.31362e-016	-17.4256
1.026	-1.7971e-016	2.30956e-016	-17.4054
1.0261	-1.7938e-016	2.30551e-016	-17.3852
1.0262	-1.7905e-016	2.30148e-016	-17.3651
1.0263	-1.78722e-016	2.29745e-016	-17.345
1.0264	-1.78394e-016	2.29343e-016	-17.3249
1.0265	-1.78067e-016	2.28942e-016	-17.3049
1.0266	-1.77741e-016	2.28543e-016	-17.285
1.0267	-1.77416e-016	2.28144e-016	-17.265
1.0268	-1.77091e-016	2.27746e-016	-17.2451
1.0269	-1.76768e-016	2.27349e-016	-17.2253
1.027	-1.76445e-016	2.26953e-016	-17.2055
1.0271	-1.76123e-016	2.26557e-016	-17.1857
1.0272	-1.75802e-016	2.26163e-016	-17.1659
1.0273	-1.75481e-016	2.2577e-016	-17.1462
1.0274	-1.75162e-016	2.25378e-016	-17.1265
1.0275	-1.74843e-016	2.24986e-016	-17.1069
1.0276	-1.74525e-016	2.24596e-016	-17.0873
1.0277	-1.74208e-016	2.24206e-016	-17.0677
1.0278	-1.73891e-016	2.23817e-016	-17.0482
1.0279	-1.73576e-016	2.2343e-016	-17.0287
1.028	-1.73261e-016	2.23043e-016	-17.0093
1.0281	-1.72947e-016	2.22657e-016	-16.9899
1.0282	-1.72634e-016	2.22272e-016	-16.9705
1.0283	-1.72321e-016	2.21888e-016	-16.9511
1.0284	-1.72009e-016	2.21504e-016	-16.9318
1.0285	-1.71698e-016	2.21122e-016	-16.9125
1.0286	-1.71388e-016	2.20741e-016	-16.8933
1.0287	-1.71079e-016	2.2036e-016	-16.8741
1.0288	-1.7077e-016	2.1998e-016	-16.8549
1.0289	-1.70462e-016	2.19602e-016	-16.8358
1.029	-1.70155e-016	2.19224e-016	-16.8167
1.0291	-1.69849e-016	2.18847e-016	-16.7977
1.0292	-1.69543e-016	2.18471e-016	-16.7786
1.0293	-1.69238e-016	2.18095e-016	-16.7596
1.0294	-1.68934e-016	2.17721e-016	-16.7407
1.0295	-1.68631e-016	2.17347e-016	-16.7218
1.0296	-1.68328e-016	2.16975e-016	-16.7029
1.0297	-1.68026e-016	2.16603e-016	-16.684
1.0298	-1.67725e-016	2.16232e-016	-16.6652
1.0299	-1.67425e-016	2.15862e-016	-16.6464
1.03	-1.67125e-016	2.15493e-016	-16.6277
1.0301	-1.66826e-016	2.15125e-016	-16.609
1.0302	-1.66528e-016	2.14757e-016	-16.5903
1.0303	-1.66231e-016	2.14391e-016	-16.5717
1.0304	-1.65934e-016	2.14025e-016	-16.5531
1.0305	-1.65638e-016	2.1366e-016	-16.5345
1.0306	-1.65343e-016	2.13296e-016	-16.5159
1.0307	-1.65048e-016	2.12933e-016	-16.4974
1.0308	-1.64755e-016	2.1257e-016	-16.479
1.0309	-1.64461e-016	2.12209e-016	-16.4605
1.031	-1.64169e-016	2.11848e-016	-16.4421
1.0311	-1.63877e-016	2.11488e-016	-16.4238
1.0312	-1.63587e-016	2.11129e-016	-16.4054
1.0313	-1.63296e-016	2.10771e-016	-16.3871
1.0314	-1.63007e-016	2.10413e-016	-16.3689
1.0315	-1.62718e-016	2.10057e-016	-16.3506
1.0316	-1.6243e-016	2.09701e-016	-16.3324
1.0317	-1.62142e-016	2.09346e-016	-16.3142
1.0318	-1.61856e-016	2.08992e-016	-16.2961
1.0319	-1.6157e-016	2.08639e-016	-16.278
1.032	-1.61284e-016	2.08286e-016	-16.2599
1.0321	-1.61e-016	2.07934e-016	-16.2419
1.0322	-1.60716e-016	2.07583e-016	-16.2239
1.0323	-1.60433e-016	2.07233e-016	-16.2059
1.0324	-1.6015e-016	2.06884e-016	-16.188
1.0325	-1.59868e-016	2.06536e-016	-16.1701
1.0326	-1.59587e-016	2.06188e-016	-16.1522
1.0327	-1.59306e-016	2.05841e-016	-16.1344
1.0328	-1.59027e-016	2.05495e-016	-16.1165
1.0329	-1.58747e-016	2.0515e-016	-16.0988
1.033	-1.58469e-016	2.04805e-016	-16.081
1.0331	-1.58191e-016	2.04461e-016	-16.0633
1.0332	-1.57914e-016	2.04118e-016	-16.0456
1.0333	-1.57638e-016	2.03776e-016	-16.028
1.0334	-1.57362e-016	2.03435e-016	-16.0104
1.0335	-1.57087e-016	2.03094e-016	-15.9928
1.0336	-1.56812e-016	2.02754e-016	-15.9752
1.0337	-1.56538e-016	2.02415e-016	-15.9577
1.0338	-1.56265e-016	2.02077e-016	-15.9402
1.0339	-1.55993e-016	2.0174e-016	-15.9228
1.034	-1.55721e-016	2.01403e-016	-15.9053
1.0341	-1.5545e-016	2.01067e-016	-15.8879
1.0342	-1.55179e-016	2.00732e-016	-15.8706
1.0343	-1.54909e-016	2.00397e-016	-15.8532
1.0344	-1.5464e-016	2.00063e-016	-15.8359
1.0345	-1.54371e-016	1.9973e-016	-15.8187
1.0346	-1.54103e-016	1.99398e-016	-15.8014
1.0347	-1.53836e-016	1.99067e-016	-15.7842
1.0348	-1.53569e-016	1.98736e-016	-15.767
1.0349	-1.53303e-016	1.98406e-016	-15.7499
1.035	-1.53038e-016	1.98077e-016	-15.7328
1.0351	-1.52773e-016	1.97748e-016	-15.7157
1.0352	-1.52509e-016	1.97421e-016	-15.6986
1.0353	-1.52246e-016	1.97094e-016	-15.6816
1.0354	-1.51983e-016	1.96767e-016	-15.6646
1.0355	-1.5172e-016	1.96442e-016	-15.6476
1.0356	-1.51459e-016	1.96117e-016	-15.6307
1.0357	-1.51198e-016	1.95793e-016	-15.6138
1.0358	-1.50937e-016	1.95469e-016	-15.5969
1.0359	-1.50678e-016	1.95147e-016	-15.5801
1.036	-1.50419e-016	1.94825e-016	-15.5633
1.0361	-1.5016e-016	1.94504e-016	-15.5465
1.0362	-1.49902e-016	1.94183e-016	-15.5297
1.0363	-1.49645e-016	1.93864e-016	-15.513
1.0364	-1.49388e-016	1.93545e-016	-15.4963
1.0365	-1.49132e-016	1.93226e-016	-15.4797
1.0366	-1.48877e-016	1.92909e-016	-15.463
1.0367	-1.48622e-016	1.92592e-016	-15.4464
1.0368	-1.48367e-016	1.92276e-016	-15.4298
1.0369	-1.48114e-016	1.9196e-016	-15.4133
1.037	-1.47861e-016	1.91645e-016	-15.3968
1.0371	-1.47608e-016	1.91331e-016	-15.3803
1.0372	-1.47356e-016	1.91018e-016	-15.3638
1.0373	-1.47105e-016	1.90705e-016	-15.3474
1.0374	-1.46854e-016	1.90393e-016	-15.331
1.0375	-1.46604e-016	1.90082e-016	-15.3146
1.0376	-1.46355e-016	1.89771e-016	-15.2983
1.0377	-1.46106e-016	1.89461e-016	-15.282
1.0378	-1.45857e-016	1.89152e-016	-15.2657
1.0379	-1.4561e-016	1.88844e-016	-15.2494
1.038	-1.45362e-016	1.88536e-016	-15.2332
1.0381	-1.45116e-016	1.88229e-016	-15.217
1.0382	-1.4487e-016	1.87922e-016	-15.2008
1.0383	-1.44624e-016	1.87616e-016	-15.1847
1.0384	-1.4438e-016	1.87311e-016	-15.1686
1.0385	-1.44135e-016	1.87007e-016	-15.1525
1.0386	-1.43892e-016	1.86703e-016	-15.1364
1.0387	-1.43648e-016	1.864e-016	-15.1204
1.0388	-1.43406e-016	1.86097e-016	-15.1044
1.0389	-1.43164e-016	1.85795e-016	-15.0884
1.039	-1.42922e-016	1.85494e-016	-15.0725
1.0391	-1.42681e-016	1.85194e-016	-15.0565
1.0392	-1.42441e-016	1.84894e-016	-15.0406
1.0393	-1.42201e-016	1.84595e-016	-15.0248
1.0394	-1.41962e-016	1.84296e-016	-15.0089
1.0395	-1.41724e-016	1.83999e-016	-14.9931
1.0396	-1.41485e-016	1.83701e-016	-14.9774
1.0397	-1.41248e-016	1.83405e-016	-14.9616
1.0398	-1.41011e-016	1.83109e-016	-14.9459
1.0399	-1.40775e-016	1.82814e-016	-14.9302
1.04	-1.40539e-016	1.82519e-016	-14.9145
1.0401	-1.40303e-016	1.82225e-016	-14.8989
1.0402	-1.40069e-016	1.81932e-016	-14.8833
1.0403	-1.39834e-016	1.81639e-016	-14.8677
1.0404	-1.39601e-016	1.81347e-016	-14.8521
1.0405	-1.39367e-016	1.81056e-016	-14.8366
1.0406	-1.39135e-016	1.80765e-016	-14.8211
1.0407	-1.38903e-016	1.80475e-016	-14.8056
1.0408	-1.38671e-016	1.80186e-016	-14.7901
1.0409	-1.3844e-016	1.79897e-016	-14.7747
1.041	-1.3821e-016	1.79609e-016	-14.7593
1.0411	-1.3798e-016	1.79321e-016	-14.7439
1.0412	-1.3775e-016	1.79034e-016	-14.7286
1.0413	-1.37521e-016	1.78748e-016	-14.7133
1.0414	-1.37293e-016	1.78462e-016	-14.698
1.0415	-1.37065e-016	1.78177e-016	-14.6827
1.0416	-1.36838e-016	1.77893e-016	-14.6675
1.0417	-1.36611e-016	1.77609e-016	-14.6522
1.0418	-1.36385e-016	1.77326e-016	-14.637
1.0419	-1.36159e-016	1.77043e-016	-14.6219
1.042	-1.35934e-016	1.76761e-016	-14.6067
1.0421	-1.35709e-016	1.76479e-016	-14.5916
1.0422	-1.35485e-016	1.76199e-016	-14.5766
1.0423	-1.35261e-016	1.75919e-016	-14.5615
1.0424	-1.35038e-016	1.75639e-016	-14.5465
1.0425	-1.34816e-016	1.7536e-016	-14.5315
1.0426	-1.34594e-016	1.75082e-016	-14.5165
1.0427	-1.34372e-016	1.74804e-016	-14.5015
1.0428	-1.34151e-016	1.74527e-016	-14.4866
1.0429	-1.3393e-016	1.7425e-016	-14.4717
1.043	-1.3371e-016	1.73974e-016	-14.4568
1.0431	-1.3349e-016	1.73699e-016	-14.4419
1.0432	-1.33271e-016	1.73424e-016	-14.4271
1.0433	-1.33053e-016	1.7315e-016	-14.4123
1.0434	-1.32835e-016	1.72876e-016	-14.3975
1.0435	-1.32617e-016	1.72603e-016	-14.3828
1.0436	-1.324e-016	1.72331e-016	-14.3681
1.0437	-1.32183e-016	1.72059e-016	-14.3534
1.0438	-1.31967e-016	1.71788e-016	-14.3387
1.0439	-1.31751e-016	1.71517e-016	-14.324
1.044	-1.31536e-016	1.71247e-016	-14.3094
1.0441	-1.31322e-016	1.70977e-016	-14.2948
1.0442	-1.31107e-016	1.70708e-016	-14.2802
1.0443	-1.30894e-016	1.7044e-016	-14.2657
1.0444	-1.30681e-016	1.70172e-016	-14.2511
1.0445	-1.30468e-016	1.69905e-016	-14.2366
1.0446	-1.30256e-016	1.69638e-016	-14.2221
1.0447	-1.30044e-016	1.69372e-016	-14.2077
1.0448	-1.29833e-016	1.69107e-016	-14.1933
1.0449	-1.29622e-016	1.68842e-016	-14.1789
1.045	-1.29411e-016	1.68577e-016	-14.1645
1.0451	-1.29202e-016	1.68313e-016	-14.1501
1.0452	-1.28992e-016	1.6805e-016	-14.1358
1.0453	-1.28783e-016	1.67787e-016	-14.1215
1.0454	-1.28575e-016	1.67525e-016	-14.1072
1.0455	-1.28367e-016	1.67264e-016	-14.0929
1.0456	-1.28159e-016	1.67003e-016	-14.0787
1.0457	-1.27952e-016	1.66742e-016	-14.0645
1.0458	-1.27746e-016	1.66482e-016	-14.0503
1.0459	-1.2754e-016	1.66223e-016	-14.0361
1.046	-1.27334e-016	1.65964e-016	-14.022
1.0461	-1.27129e-016	1.65706e-016	-14.0079
1.0462	-1.26924e-016	1.65448e-016	-13.9938
1.0463	-1.2672e-016	1.65191e-016	-13.9797
1.0464	-1.26516e-016	1.64934e-016	-13.9657
1.0465	-1.26313e-016	1.64678e-016	-13.9516
1.0466	-1.2611e-016	1.64422e-016	-13.9376
1.0467	-1.25908e-016	1.64167e-016	-13.9237
1.0468	-1.25706e-016	1.63913e-016	-13.9097
1.0469	-1.25504e-016	1.63659e-016	-13.8958
1.047	-1.25303e-016	1.63406e-016	-13.8819
1.0471	-1.25102e-016	1.63153e-016	-13.868
1.0472	-1.24902e-016	1.629e-016	-13.8541
1.0473	-1.24703e-016	1.62649e-016	-13.8403
1.0474	-1.24503e-016	1.62397e-016	-13.8265
1.0475	-1.24304e-016	1.62146e-016	-13.8127
1.0476	-1.24106e-016	1.61896e-016	-13.7989
1.0477	-1.23908e-016	1.61647e-016	-13.7852
1.0478	-1.23711e-016	1.61397e-016	-13.7715
1.0479	-1.23513e-016	1.61149e-016	-13.7578
1.048	-1.23317e-016	1.60901e-016	-13.7441
1.0481	-1.23121e-016	1.60653e-016	-13.7305
1.0482	-1.22925e-016	1.60406e-016	-13.7168
1.0483	-1.2273e-016	1.60159e-016	-13.7032
1.0484	-1.22535e-016	1.59913e-016	-13.6896
1.0485	-1.2234e-016	1.59668e-016	-13.6761
1.0486	-1.22146e-016	1.59422e-016	-13.6625
1.0487	-1.21953e-016	1.59178e-016	-13.649
1.0488	-1.21759e-016	1.58934e-016	-13.6355
1.0489	-1.21567e-016	1.5869e-016	-13.6221
1.049	-1.21374e-016	1.58447e-016	-13.6086
1.0491	-1.21182e-016	1.58205e-016	-13.5952
1.0492	-1.20991e-016	1.57963e-016	-13.5818
1.0493	-1.208e-016	1.57721e-016	-13.5684
1.0494	-1.20609e-016	1.5748e-016	-13.555
1.0495	-1.20419e-016	1.5724e-016	-13.5417
1.0496	-1.20229e-016	1.57e-016	-13.5284
1.0497	-1.2004e-016	1.5676e-016	-13.5151
1.0498	-1.19851e-016	1.56521e-016	-13.5018
1.0499	-1.19663e-016	1.56283e-016	-13.4886
1.05	-1.19474e-016	1.56045e-016	-13.4753
1.0501	-1.19287e-016	1.55807e-016	-13.4621
1.0502	-1.19099e-016	1.5557e-016	-13.4489
1.0503	-1.18913e-016	1.55334e-016	-13.4358
1.0504	-1.18726e-016	1.55098e-016	-13.4226
1.0505	-1.1854e-016	1.54862e-016	-13.4095
1.0506	-1.18354e-016	1.54627e-016	-13.3964
1.0507	-1.18169e-016	1.54392e-016	-13.3833
1.0508	-1.17984e-016	1.54158e-016	-13.3703
1.0509	-1.178e-016	1.53925e-016	-13.3572
1.051	-1.17616e-016	1.53692e-016	-13.3442
1.0511	-1.17432e-016	1.53459e-016	-13.3312
1.0512	-1.17249e-016	1.53227e-016	-13.3183
1.0513	-1.17066e-016	1.52995e-016	-13.3053
1.0514	-1.16884e-016	1.52764e-016	-13.2924
1.0515	-1.16702e-016	1.52533e-016	-13.2795
1.0516	-1.1652e-016	1.52303e-016	-13.2666
1.0517	-1.16339e-016	1.52073e-016	-13.2537
1.0518	-1.16158e-016	1.51844e-016	-13.2409
1.0519	-1.15978e-016	1.51615e-016	-13.2281
1.052	-1.15797e-016	1.51386e-016	-13.2153
1.0521	-1.15618e-016	1.51158e-016	-13.2025
1.0522	-1.15439e-016	1.50931e-016	-13.1897
1.0523	-1.1526e-016	1.50704e-016	-13.177
1.0524	-1.15081e-016	1.50477e-016	-13.1643
1.0525	-1.14903e-016	1.50251e-016	-13.1516
1.0526	-1.14725e-016	1.50026e-016	-13.1389
1.0527	-1.14548e-016	1.49801e-016	-13.1262
1.0528	-1.14371e-016	1.49576e-016	-13.1136
1.0529	-1.14194e-016	1.49352e-016	-13.101
1.053	-1.14018e-016	1.49128e-016	-13.0884
1.0531	-1.13842e-016	1.48905e-016	-13.0758
1.0532	-1.13667e-016	1.48682e-016	-13.0632
1.0533	-1.13492e-016	1.48459e-016	-13.0507
1.0534	-1.13317e-016	1.48237e-016	-13.0382
1.0535	-1.13143e-016	1.48016e-016	-13.0257
1.0536	-1.12969e-016	1.47795e-016	-13.0132
1.0537	-1.12796e-016	1.47574e-016	-13.0008
1.0538	-1.12622e-016	1.47354e-016	-12.9883
1.0539	-1.1245e-016	1.47134e-016	-12.9759
1.054	-1.12277e-016	1.46915e-016	-12.9635
1.0541	-1.12105e-016	1.46696e-016	-12.9512
1.0542	-1.11934e-016	1.46478e-016	-12.9388
1.0543	-1.11762e-016	1.4626e-016	-12.9265
1.0544	-1.11591e-016	1.46042e-016	-12.9142
1.0545	-1.11421e-016	1.45825e-016	-12.9019
1.0546	-1.1125e-016	1.45609e-016	-12.8896
1.0547	-1.11081e-016	1.45393e-016	-12.8773
1.0548	-1.10911e-016	1.45177e-016	-12.8651
1.0549	-1.10742e-016	1.44962e-016	-12.8529
1.055	-1.10573e-016	1.44747e-016	-12.8407
1.0551	-1.10405e-016	1.44532e-016	-12.8285
1.0552	-1.10237e-016	1.44318e-016	-12.8164
1.0553	-1.10069e-016	1.44105e-016	-12.8042
1.0554	-1.09902e-016	1.43892e-016	-12.7921
1.0555	-1.09735e-016	1.43679e-016	-12.78
1.0556	-1.09568e-016	1.43467e-016	-12.7679
1.0557	-1.09402e-016	1.43255e-016	-12.7559
1.0558	-1.09236e-016	1.43043e-016	-12.7438
1.0559	-1.09071e-016	1.42832e-016	-12.7318
1.056	-1.08906e-016	1.42622e-016	-12.7198
1.0561	-1.08741e-016	1.42411e-016	-12.7078
1.0562	-1.08576e-016	1.42202e-016	-12.6958
1.0563	-1.08412e-016	1.41992e-016	-12.6839
1.0564	-1.08248e-016	1.41783e-016	-12.672
1.0565	-1.08085e-016	1.41575e-016	-12.6601
1.0566	-1.07922e-016	1.41367e-016	-12.6482
1.0567	-1.07759e-016	1.41159e-016	-12.6363
1.0568	-1.07597e-016	1.40952e-016	-12.6245
1.0569	-1.07435e-016	1.40745e-016	-12.6126
1.057	-1.07273e-016	1.40539e-016	-12.6008
1.0571	-1.07112e-016	1.40333e-016	-12.589
1.0572	-1.06951e-016	1.40127e-016	-12.5773
1.0573	-1.0679e-016	1.39922e-016	-12.5655
1.0574	-1.0663e-016	1.39717e-016	-12.5538
1.0575	-1.0647e-016	1.39513e-016	-12.542
1.0576	-1.0631e-016	1.39309e-016	-12.5303
1.0577	-1.06151e-016	1.39105e-016	-12.5187
1.0578	-1.05992e-016	1.38902e-016	-12.507
1.0579	-1.05833e-016	1.38699e-016	-12.4953
1.058	-1.05675e-016	1.38497e-016	-12.4837
1.0581	-1.05517e-016	1.38295e-016	-12.4721
1.0582	-1.05359e-016	1.38094e-016	-12.4605
1.0583	-1.05202e-016	1.37892e-016	-12.4489
1.0584	-1.05045e-016	1.37692e-016	-12.4374
1.0585	-1.04888e-016	1.37491e-016	-12.4259
1.0586	-1.04732e-016	1.37291e-016	-12.4143
1.0587	-1.04576e-016	1.37092e-016	-12.4028
1.0588	-1.0442e-016	1.36893e-016	-12.3914
1.0589	-1.04265e-016	1.36694e-016	-12.3799
1.059	-1.0411e-016	1.36496e-016	-12.3684
1.0591	-1.03955e-016	1.36298e-016	-12.357
1.0592	-1.03801e-016	1.361e-016	-12.3456
1.0593	-1.03647e-016	1.35903e-016	-12.3342
1.0594	-1.03493e-016	1.35706e-016	-12.3228
1.0595	-1.03339e-016	1.3551e-016	-12.3115
1.0596	-1.03186e-016	1.35314e-016	-12.3002
1.0597	-1.03034e-016	1.35118e-016	-12.2888
1.0598	-1.02881e-016	1.34923e-016	-12.2775
1.0599	-1.02729e-016	1.34728e-016	-12.2662
1.06	-1.02577e-016	1.34533e-016	-12.255
1.0601	-1.02426e-016	1.34339e-016	-12.2437
1.0602	-1.02275e-016	1.34145e-016	-12.2325
1.0603	-1.02124e-016	1.33952e-016	-12.2213
1.0604	-1.01973e-016	1.33759e-016	-12.2101
1.0605	-1.01823e-016	1.33566e-016	-12.1989
1.0606	-1.01673e-016	1.33374e-016	-12.1877
1.0607	-1.01523e-016	1.33182e-016	-12.1766
1.0608	-1.01374e-016	1.32991e-016	-12.1655
1.0609	-1.01225e-016	1.328e-016	-12.1544
1.061	-1.01076e-016	1.32609e-016	-12.1433
1.0611	-1.00928e-016	1.32419e-016	-12.1322
1.0612	-1.0078e-016	1.32229e-016	-12.1211
1.0613	-1.00632e-016	1.32039e-016	-12.1101
1.0614	-1.00485e-016	1.3185e-016	-12.0991
1.0615	-1.00338e-016	1.31661e-016	-12.0881
1.0616	-1.00191e-016	1.31472e-016	-12.0771
1.0617	-1.00044e-016	1.31284e-016	-12.0661
1.0618	-9.98981e-017	1.31097e-016	-12.0551
1.0619	-9.97521e-017	1.30909e-016	-12.0442
1.062	-9.96065e-017	1.30722e-016	-12.0333
1.0621	-9.94612e-017	1.30535e-016	-12.0224
1.0622	-9.93162e-017	1.30349e-016	-12.0115
1.0623	-9.91715e-017	1.30163e-016	-12.0006
1.0624	-9.9027e-017	1.29978e-016	-11.9898
1.0625	-9.88829e-017	1.29792e-016	-11.9789
1.0626	-9.87391e-017	1.29607e-016	-11.9681
1.0627	-9.85955e-017	1.29423e-016	-11.9573
1.0628	-9.84523e-017	1.29239e-016	-11.9465
1.0629	-9.83093e-017	1.29055e-016	-11.9357
1.063	-9.81667e-017	1.28871e-016	-11.925
1.0631	-9.80243e-017	1.28688e-016	-11.9142
1.0632	-9.78823e-017	1.28506e-016	-11.9035
1.0633	-9.77405e-017	1.28323e-016	-11.8928
1.0634	-9.7599e-017	1.28141e-016	-11.8821
1.0635	-9.74578e-017	1.2796e-016	-11.8715
1.0636	-9.73169e-017	1.27778e-016	-11.8608
1.0637	-9.71763e-017	1.27597e-016	-11.8502
1.0638	-9.7036e-017	1.27417e-016	-11.8395
1.0639	-9.68959e-017	1.27236e-016	-11.8289
1.064	-9.67562e-017	1.27056e-016	-11.8183
1.0641	-9.66167e-017	1.26877e-016	-11.8078
1.0642	-9.64775e-017	1.26698e-016	-11.7972
1.0643	-9.63386e-017	1.26519e-016	-11.7867
1.0644	-9.62e-017	1.2634e-016	-11.7761
1.0645	-9.60617e-017	1.26162e-016	-11.7656
1.0646	-9.59236e-017	1.25984e-016	-11.7551
1.0647	-9.57858e-017	1.25806e-016	-11.7447
1.0648	-9.56484e-017	1.25629e-016	-11.7342
1.0649	-9.55111e-017	1.25452e-016	-11.7237
1.065	-9.53742e-017	1.25276e-016	-11.7133
1.0651	-9.52376e-017	1.251e-016	-11.7029
1.0652	-9.51012e-017	1.24924e-016	-11.6925
1.0653	-9.49651e-017	1.24748e-016	-11.6821
1.0654	-9.48293e-017	1.24573e-016	-11.6718
1.0655	-9.46937e-017	1.24398e-016	-11.6614
1.0656	-9.45585e-017	1.24224e-016	-11.6511
1.0657	-9.44235e-017	1.2405e-016	-11.6407
1.0658	-9.42887e-017	1.23876e-016	-11.6304
1.0659	-9.41543e-017	1.23702e-016	-11.6202
1.066	-9.40201e-017	1.23529e-016	-11.6099
1.0661	-9.38862e-017	1.23356e-016	-11.5996
1.0662	-9.37526e-017	1.23184e-016	-11.5894
1.0663	-9.36192e-017	1.23012e-016	-11.5792
1.0664	-9.34861e-017	1.2284e-016	-11.5689
1.0665	-9.33533e-017	1.22668e-016	-11.5588
1.0666	-9.32207e-017	1.22497e-016	-11.5486
1.0667	-9.30884e-017	1.22326e-016	-11.5384
1.0668	-9.29564e-017	1.22156e-016	-11.5283
1.0669	-9.28247e-017	1.21985e-016	-11.5181
1.067	-9.26932e-017	1.21815e-016	-11.508
1.0671	-9.25619e-017	1.21646e-016	-11.4979
1.0672	-9.2431e-017	1.21476e-016	-11.4878
1.0673	-9.23003e-017	1.21308e-016	-11.4777
1.0674	-9.21698e-017	1.21139e-016	-11.4677
1.0675	-9.20397e-017	1.20971e-016	-11.4576
1.0676	-9.19097e-017	1.20803e-016	-11.4476
1.0677	-9.17801e-017	1.20635e-016	-11.4376
1.0678	-9.16507e-017	1.20468e-016	-11.4276
1.0679	-9.15216e-017	1.20301e-016	-11.4176
1.068	-9.13927e-017	1.20134e-016	-11.4077
1.0681	-9.12641e-017	1.19967e-016	-11.3977
1.0682	-9.11357e-017	1.19801e-016	-11.3878
1.0683	-9.10076e-017	1.19635e-016	-11.3778
1.0684	-9.08798e-017	1.1947e-016	-11.3679
1.0685	-9.07522e-017	1.19305e-016	-11.358
1.0686	-9.06248e-017	1.1914e-016	-11.3482
1.0687	-9.04978e-017	1.18975e-016	-11.3383
1.0688	-9.03709e-017	1.18811e-016	-11.3285
1.0689	-9.02444e-017	1.18647e-016	-11.3186
1.069	-9.0118e-017	1.18484e-016	-11.3088
1.0691	-8.9992e-017	1.1832e-016	-11.299
1.0692	-8.98661e-017	1.18157e-016	-11.2892
1.0693	-8.97406e-017	1.17995e-016	-11.2794
1.0694	-8.96153e-017	1.17832e-016	-11.2697
1.0695	-8.94902e-017	1.1767e-016	-11.2599
1.0696	-8.93654e-017	1.17508e-016	-11.2502
1.0697	-8.92408e-017	1.17347e-016	-11.2405
1.0698	-8.91165e-017	1.17186e-016	-11.2308
1.0699	-8.89924e-017	1.17025e-016	-11.2211
1.07	-8.88686e-017	1.16864e-016	-11.2114
1.0701	-8.8745e-017	1.16704e-016	-11.2017
1.0702	-8.86216e-017	1.16544e-016	-11.1921
1.0703	-8.84985e-017	1.16384e-016	-11.1825
1.0704	-8.83757e-017	1.16225e-016	-11.1729
1.0705	-8.82531e-017	1.16066e-016	-11.1633
1.0706	-8.81307e-017	1.15907e-016	-11.1537
1.0707	-8.80086e-017	1.15748e-016	-11.1441
1.0708	-8.78867e-017	1.1559e-016	-11.1345
1.0709	-8.77651e-017	1.15432e-016	-11.125
1.071	-8.76436e-017	1.15275e-016	-11.1155
1.0711	-8.75225e-017	1.15117e-016	-11.1059
1.0712	-8.74016e-017	1.1496e-016	-11.0964
1.0713	-8.72809e-017	1.14804e-016	-11.0869
1.0714	-8.71604e-017	1.14647e-016	-11.0775
1.0715	-8.70402e-017	1.14491e-016	-11.068
1.0716	-8.69202e-017	1.14335e-016	-11.0586
1.0717	-8.68005e-017	1.14179e-016	-11.0491
1.0718	-8.6681e-017	1.14024e-016	-11.0397
1.0719	-8.65617e-017	1.13869e-016	-11.0303
1.072	-8.64427e-017	1.13714e-016	-11.0209
1.0721	-8.63239e-017	1.1356e-016	-11.0115
1.0722	-8.62053e-017	1.13406e-016	-11.0022
1.0723	-8.6087e-017	1.13252e-016	-10.9928
1.0724	-8.59689e-017	1.13098e-016	-10.9835
1.0725	-8.5851e-017	1.12945e-016	-10.9742
1.0726	-8.57334e-017	1.12792e-016	-10.9648
1.0727	-8.5616e-017	1.12639e-016	-10.9556
1.0728	-8.54988e-017	1.12487e-016	-10.9463
1.0729	-8.53818e-017	1.12335e-016	-10.937
1.073	-8.52651e-017	1.12183e-016	-10.9277
1.0731	-8.51486e-017	1.12031e-016	-10.9185
1.0732	-8.50324e-017	1.1188e-016	-10.9093
1.0733	-8.49163e-017	1.11729e-016	-10.9001
1.0734	-8.48005e-017	1.11578e-016	-10.8909
1.0735	-8.46849e-017	1.11427e-016	-10.8817
1.0736	-8.45696e-017	1.11277e-016	-10.8725
1.0737	-8.44544e-017	1.11127e-016	-10.8633
1.0738	-8.43395e-017	1.10978e-016	-10.8542
1.0739	-8.42248e-017	1.10828e-016	-10.8451
1.074	-8.41104e-017	1.10679e-016	-10.8359
1.0741	-8.39961e-017	1.1053e-016	-10.8268
1.0742	-8.38821e-017	1.10382e-016	-10.8177
1.0743	-8.37683e-017	1.10233e-016	-10.8087
1.0744	-8.36547e-017	1.10085e-016	-10.7996
1.0745	-8.35414e-017	1.09937e-016	-10.7905
1.0746	-8.34282e-017	1.0979e-016	-10.7815
1.0747	-8.33153e-017	1.09643e-016	-10.7725
1.0748	-8.32026e-017	1.09496e-016	-10.7634
1.0749	-8.30901e-017	1.09349e-016	-10.7544
1.075	-8.29778e-017	1.09203e-016	-10.7455
1.0751	-8.28658e-017	1.09056e-016	-10.7365
1.0752	-8.2754e-017	1.08911e-016	-10.7275
1.0753	-8.26424e-017	1.08765e-016	-10.7186
1.0754	-8.2531e-017	1.0862e-016	-10.7096
1.0755	-8.24198e-017	1.08474e-016	-10.7007
1.0756	-8.23088e-017	1.0833e-016	-10.6918
1.0757	-8.2198e-017	1.08185e-016	-10.6829
1.0758	-8.20875e-017	1.08041e-016	-10.674
1.0759	-8.19772e-017	1.07897e-016	-10.6651
1.076	-8.18671e-017	1.07753e-016	-10.6563
1.0761	-8.17572e-017	1.07609e-016	-10.6474
1.0762	-8.16475e-017	1.07466e-016	-10.6386
1.0763	-8.1538e-017	1.07323e-016	-10.6298
1.0764	-8.14287e-017	1.0718e-016	-10.621
1.0765	-8.13197e-017	1.07038e-016	-10.6122
1.0766	-8.12108e-017	1.06895e-016	-10.6034
1.0767	-8.11022e-017	1.06753e-016	-10.5946
1.0768	-8.09937e-017	1.06612e-016	-10.5859
1.0769	-8.08855e-017	1.0647e-016	-10.5771
1.077	-8.07775e-017	1.06329e-016	-10.5684
1.0771	-8.06697e-017	1.06188e-016	-10.5597
1.0772	-8.05621e-017	1.06047e-016	-10.551
1.0773	-8.04547e-017	1.05907e-016	-10.5423
1.0774	-8.03475e-017	1.05767e-016	-10.5336
1.0775	-8.02405e-017	1.05627e-016	-10.5249
1.0776	-8.01337e-017	1.05487e-016	-10.5162
1.0777	-8.00271e-017	1.05348e-016	-10.5076
1.0778	-7.99208e-017	1.05208e-016	-10.499
1.0779	-7.98146e-017	1.05069e-016	-10.4903
1.078	-7.97086e-017	1.04931e-016	-10.4817
1.0781	-7.96028e-017	1.04792e-016	-10.4731
1.0782	-7.94973e-017	1.04654e-016	-10.4646
1.0783	-7.93919e-017	1.04516e-016	-10.456
1.0784	-7.92867e-017	1.04378e-016	-10.4474
1.0785	-7.91818e-017	1.04241e-016	-10.4389
1.0786	-7.9077e-017	1.04104e-016	-10.4303
1.0787	-7.89724e-017	1.03967e-016	-10.4218
1.0788	-7.88681e-017	1.0383e-016	-10.4133
1.0789	-7.87639e-017	1.03694e-016	-10.4048
1.079	-7.86599e-017	1.03557e-016	-10.3963
1.0791	-7.85562e-017	1.03421e-016	-10.3878
1.0792	-7.84526e-017	1.03286e-016	-10.3794
1.0793	-7.83492e-017	1.0315e-016	-10.3709
1.0794	-7.8246e-017	1.03015e-016	-10.3625
1.0795	-7.8143e-017	1.0288e-016	-10.3541
1.0796	-7.80402e-017	1.02745e-016	-10.3457
1.0797	-7.79376e-017	1.02611e-016	-10.3373
1.0798	-7.78352e-017	1.02476e-016	-10.3289
1.0799	-7.7733e-017	1.02342e-016	-10.3205
1.08	-7.7631e-017	1.02208e-016	-10.3121
1.0801	-7.75292e-017	1.02075e-016	-10.3038
1.0802	-7.74275e-017	1.01941e-016	-10.2954
1.0803	-7.73261e-017	1.01808e-016	-10.2871
1.0804	-7.72248e-017	1.01675e-016	-10.2788
1.0805	-7.71238e-017	1.01543e-016	-10.2705
1.0806	-7.70229e-017	1.0141e-016	-10.2622
1.0807	-7.69222e-017	1.01278e-016	-10.2539
1.0808	-7.68217e-017	1.01146e-016	-10.2456
1.0809	-7.67214e-017	1.01015e-016	-10.2373
1.081	-7.66213e-017	1.00883e-016	-10.2291
1.0811	-7.65214e-017	1.00752e-016	-10.2209
1.0812	-7.64217e-017	1.00621e-016	-10.2126
1.0813	-7.63221e-017	1.0049e-016	-10.2044
1.0814	-7.62228e-017	1.00359e-016	-10.1962
1.0815	-7.61236e-017	1.00229e-016	-10.188
1.0816	-7.60246e-017	1.00099e-016	-10.1798
1.0817	-7.59258e-017	9.99692e-017	-10.1717
1.0818	-7.58272e-017	9.98396e-017	-10.1635
1.0819	-7.57287e-017	9.97102e-017	-10.1554
1.082	-7.56305e-017	9.9581e-017	-10.1472
1.0821	-7.55324e-017	9.94521e-017	-10.1391
1.0822	-7.54345e-017	9.93233e-017	-10.131
1.0823	-7.53368e-017	9.91948e-017	-10.1229
1.0824	-7.52393e-017	9.90666e-017	-10.1148
1.0825	-7.5142e-017	9.89385e-017	-10.1067
1.0826	-7.50448e-017	9.88107e-017	-10.0987
1.0827	-7.49478e-017	9.86831e-017	-10.0906
1.0828	-7.4851e-017	9.85558e-017	-10.0826
1.0829	-7.47544e-017	9.84286e-017	-10.0745
1.083	-7.4658e-017	9.83017e-017	-10.0665
1.0831	-7.45618e-017	9.8175e-017	-10.0585
1.0832	-7.44657e-017	9.80485e-017	-10.0505
1.0833	-7.43698e-017	9.79223e-017	-10.0425
1.0834	-7.42741e-017	9.77962e-017	-10.0345
1.0835	-7.41785e-017	9.76704e-017	-10.0266
1.0836	-7.40832e-017	9.75448e-017	-10.0186
1.0837	-7.3988e-017	9.74195e-017	-10.0107
1.0838	-7.3893e-017	9.72943e-017	-10.0027
1.0839	-7.37981e-017	9.71694e-017	-9.99482
1.084	-7.37035e-017	9.70446e-017	-9.98691
1.0841	-7.3609e-017	9.69201e-017	-9.97901
1.0842	-7.35147e-017	9.67958e-017	-9.97112
1.0843	-7.34206e-017	9.66718e-017	-9.96325
1.0844	-7.33266e-017	9.65479e-017	-9.95538
1.0845	-7.32328e-017	9.64243e-017	-9.94752
1.0846	-7.31392e-017	9.63009e-017	-9.93968
1.0847	-7.30458e-017	9.61777e-017	-9.93184
1.0848	-7.29525e-017	9.60547e-017	-9.92402
1.0849	-7.28594e-017	9.59319e-017	-9.91621
1.085	-7.27665e-017	9.58093e-017	-9.90841
1.0851	-7.26738e-017	9.5687e-017	-9.90062
1.0852	-7.25812e-017	9.55648e-017	-9.89284
1.0853	-7.24888e-017	9.54429e-017	-9.88507
1.0854	-7.23965e-017	9.53212e-017	-9.87731
1.0855	-7.23045e-017	9.51997e-017	-9.86956
1.0856	-7.22126e-017	9.50784e-017	-9.86183
1.0857	-7.21208e-017	9.49573e-017	-9.8541
1.0858	-7.20293e-017	9.48364e-017	-9.84638
1.0859	-7.19379e-017	9.47157e-017	-9.83868
1.086	-7.18467e-017	9.45953e-017	-9.83099
1.0861	-7.17556e-017	9.4475e-017	-9.8233
1.0862	-7.16647e-017	9.4355e-017	-9.81563
1.0863	-7.1574e-017	9.42351e-017	-9.80797
1.0864	-7.14834e-017	9.41155e-017	-9.80031
1.0865	-7.1393e-017	9.39961e-017	-9.79267
1.0866	-7.13028e-017	9.38769e-017	-9.78504
1.0867	-7.12127e-017	9.37578e-017	-9.77742
1.0868	-7.11228e-017	9.3639e-017	-9.76981
1.0869	-7.10331e-017	9.35204e-017	-9.76221
1.087	-7.09435e-017	9.3402e-017	-9.75462
1.0871	-7.08541e-017	9.32838e-017	-9.74704
1.0872	-7.07649e-017	9.31658e-017	-9.73947
1.0873	-7.06758e-017	9.3048e-017	-9.73192
1.0874	-7.05869e-017	9.29305e-017	-9.72437
1.0875	-7.04982e-017	9.28131e-017	-9.71683
1.0876	-7.04096e-017	9.26959e-017	-9.7093
1.0877	-7.03211e-017	9.25789e-017	-9.70179
1.0878	-7.02329e-017	9.24621e-017	-9.69428
1.0879	-7.01448e-017	9.23455e-017	-9.68678
1.088	-7.00568e-017	9.22291e-017	-9.6793
1.0881	-6.9969e-017	9.2113e-017	-9.67182
1.0882	-6.98814e-017	9.1997e-017	-9.66435
1.0883	-6.97939e-017	9.18812e-017	-9.6569
1.0884	-6.97066e-017	9.17656e-017	-9.64945
1.0885	-6.96195e-017	9.16502e-017	-9.64202
1.0886	-6.95325e-017	9.1535e-017	-9.63459
1.0887	-6.94456e-017	9.142e-017	-9.62718
1.0888	-6.93589e-017	9.13052e-017	-9.61977
1.0889	-6.92724e-017	9.11906e-017	-9.61238
1.089	-6.9186e-017	9.10762e-017	-9.60499
1.0891	-6.90998e-017	9.09619e-017	-9.59762
1.0892	-6.90138e-017	9.08479e-017	-9.59025
1.0893	-6.89279e-017	9.07341e-017	-9.5829
1.0894	-6.88421e-017	9.06205e-017	-9.57555
1.0895	-6.87566e-017	9.0507e-017	-9.56822
1.0896	-6.86711e-017	9.03938e-017	-9.56089
1.0897	-6.85858e-017	9.02807e-017	-9.55358
1.0898	-6.85007e-017	9.01678e-017	-9.54627
1.0899	-6.84157e-017	9.00552e-017	-9.53898
1.09	-6.83309e-017	8.99427e-017	-9.53169
1.0901	-6.82463e-017	8.98304e-017	-9.52442
1.0902	-6.81617e-017	8.97183e-017	-9.51715
1.0903	-6.80774e-017	8.96064e-017	-9.50989
1.0904	-6.79932e-017	8.94947e-017	-9.50265
1.0905	-6.79091e-017	8.93831e-017	-9.49541
1.0906	-6.78252e-017	8.92718e-017	-9.48818
1.0907	-6.77414e-017	8.91606e-017	-9.48097
1.0908	-6.76578e-017	8.90497e-017	-9.47376
1.0909	-6.75744e-017	8.89389e-017	-9.46656
1.091	-6.74911e-017	8.88283e-017	-9.45937
1.0911	-6.74079e-017	8.87179e-017	-9.4522
1.0912	-6.73249e-017	8.86077e-017	-9.44503
1.0913	-6.7242e-017	8.84976e-017	-9.43787
1.0914	-6.71593e-017	8.83878e-017	-9.43072
1.0915	-6.70768e-017	8.82781e-017	-9.42358
1.0916	-6.69944e-017	8.81686e-017	-9.41645
1.0917	-6.69121e-017	8.80593e-017	-9.40933
1.0918	-6.683e-017	8.79502e-017	-9.40222
1.0919	-6.6748e-017	8.78413e-017	-9.39512
1.092	-6.66662e-017	8.77325e-017	-9.38803
1.0921	-6.65845e-017	8.7624e-017	-9.38094
1.0922	-6.65029e-017	8.75156e-017	-9.37387
1.0923	-6.64216e-017	8.74074e-017	-9.36681
1.0924	-6.63403e-017	8.72994e-017	-9.35975
1.0925	-6.62592e-017	8.71915e-017	-9.35271
1.0926	-6.61782e-017	8.70839e-017	-9.34567
1.0927	-6.60974e-017	8.69764e-017	-9.33865
1.0928	-6.60168e-017	8.68691e-017	-9.33163
1.0929	-6.59362e-017	8.6762e-017	-9.32462
1.093	-6.58559e-017	8.66551e-017	-9.31763
1.0931	-6.57756e-017	8.65483e-017	-9.31064
1.0932	-6.56955e-017	8.64417e-017	-9.30366
1.0933	-6.56156e-017	8.63353e-017	-9.29669
1.0934	-6.55357e-017	8.62291e-017	-9.28973
1.0935	-6.54561e-017	8.61231e-017	-9.28278
1.0936	-6.53765e-017	8.60172e-017	-9.27583
1.0937	-6.52971e-017	8.59115e-017	-9.2689
1.0938	-6.52179e-017	8.5806e-017	-9.26198
1.0939	-6.51388e-017	8.57007e-017	-9.25506
1.094	-6.50598e-017	8.55955e-017	-9.24816
1.0941	-6.4981e-017	8.54905e-017	-9.24126
1.0942	-6.49023e-017	8.53857e-017	-9.23438
1.0943	-6.48237e-017	8.5281e-017	-9.2275
1.0944	-6.47453e-017	8.51766e-017	-9.22063
1.0945	-6.46671e-017	8.50723e-017	-9.21377
1.0946	-6.45889e-017	8.49682e-017	-9.20692
1.0947	-6.45109e-017	8.48642e-017	-9.20008
1.0948	-6.44331e-017	8.47605e-017	-9.19324
1.0949	-6.43553e-017	8.46568e-017	-9.18642
1.095	-6.42777e-017	8.45534e-017	-9.17961
1.0951	-6.42003e-017	8.44502e-017	-9.1728
1.0952	-6.4123e-017	8.43471e-017	-9.16601
1.0953	-6.40458e-017	8.42442e-017	-9.15922
1.0954	-6.39688e-017	8.41414e-017	-9.15244
1.0955	-6.38918e-017	8.40388e-017	-9.14567
1.0956	-6.38151e-017	8.39364e-017	-9.13891
1.0957	-6.37384e-017	8.38342e-017	-9.13216
1.0958	-6.36619e-017	8.37321e-017	-9.12542
1.0959	-6.35856e-017	8.36302e-017	-9.11868
1.096	-6.35093e-017	8.35285e-017	-9.11196
1.0961	-6.34332e-017	8.34269e-017	-9.10524
1.0962	-6.33573e-017	8.33255e-017	-9.09853
1.0963	-6.32814e-017	8.32243e-017	-9.09183
1.0964	-6.32057e-017	8.31232e-017	-9.08515
1.0965	-6.31301e-017	8.30223e-017	-9.07846
1.0966	-6.30547e-017	8.29216e-017	-9.07179
1.0967	-6.29794e-017	8.2821e-017	-9.06513
1.0968	-6.29042e-017	8.27206e-017	-9.05847
1.0969	-6.28292e-017	8.26204e-017	-9.05183
1.097	-6.27543e-017	8.25203e-017	-9.04519
1.0971	-6.26795e-017	8.24204e-017	-9.03856
1.0972	-6.26048e-017	8.23207e-017	-9.03194
1.0973	-6.25303e-017	8.22211e-017	-9.02533
1.0974	-6.24559e-017	8.21217e-017	-9.01873
1.0975	-6.23816e-017	8.20225e-017	-9.01213
1.0976	-6.23075e-017	8.19234e-017	-9.00555
1.0977	-6.22335e-017	8.18244e-017	-8.99897
1.0978	-6.21596e-017	8.17257e-017	-8.9924
1.0979	-6.20859e-017	8.16271e-017	-8.98585
1.098	-6.20123e-017	8.15286e-017	-8.97929
1.0981	-6.19388e-017	8.14304e-017	-8.97275
1.0982	-6.18654e-017	8.13322e-017	-8.96622
1.0983	-6.17922e-017	8.12343e-017	-8.95969
1.0984	-6.17191e-017	8.11365e-017	-8.95318
1.0985	-6.16461e-017	8.10388e-017	-8.94667
1.0986	-6.15732e-017	8.09414e-017	-8.94017
1.0987	-6.15005e-017	8.0844e-017	-8.93368
1.0988	-6.14279e-017	8.07469e-017	-8.92719
1.0989	-6.13554e-017	8.06499e-017	-8.92072
1.099	-6.1283e-017	8.0553e-017	-8.91425
1.0991	-6.12108e-017	8.04564e-017	-8.90779
1.0992	-6.11387e-017	8.03598e-017	-8.90134
1.0993	-6.10667e-017	8.02634e-017	-8.8949
1.0994	-6.09949e-017	8.01672e-017	-8.88847
1.0995	-6.09231e-017	8.00712e-017	-8.88205
1.0996	-6.08515e-017	7.99753e-017	-8.87563
1.0997	-6.078e-017	7.98795e-017	-8.86922
1.0998	-6.07087e-017	7.97839e-017	-8.86282
1.0999	-6.06374e-017	7.96885e-017	-8.85643
