1	0	112.108	0
1.0001	653487	-653386	-42243.7
1.0002	492520	-492428	-32084.5
1.0003	381305	-381220	-25045.5
1.0004	301872	-301794	-20002.9
1.0005	243539	-243466	-16287.7
1.0006	199677	-199608	-13484.3
1.0007	166018	-165954	-11325.1
1.0008	139728	-139667	-9632.05
1.0009	118872	-118815	-8283.37
1.001	102099	-102045	-7193.98
1.0011	88444	-88392	-6303.01
1.0012	77204.1	-77154.3	-5566.15
1.0013	67860.7	-67813	-4950.58
1.0014	60023.9	-59978	-4431.59
1.0015	53397	-53352.9	-3990.38
1.0016	47751.5	-47708.9	-3612.42
1.0017	42908.9	-42867.8	-3286.36
1.0018	38729	-38689.3	-3003.26
1.0019	35100	-35061.5	-2755.98
1.002	31932.3	-31895	-2538.78
1.0021	29153.4	-29117.2	-2347.04
1.0022	26704.3	-26669.1	-2176.93
1.0023	24536.3	-24502	-2025.36
1.0024	22609.5	-22576.1	-1889.72
1.0025	20890.3	-20857.7	-1767.86
1.0026	19351	-19319.2	-1657.99
1.0027	17968	-17937	-1558.57
1.0028	16721.5	-16691.2	-1468.31
1.0029	15594.7	-15565.1	-1386.12
1.003	14573.1	-14544.1	-1311.05
1.0031	13644.5	-13616.1	-1242.3
1.0032	12798.2	-12770.4	-1179.17
1.0033	12025	-11997.8	-1121.05
1.0034	11317.1	-11290.3	-1067.43
1.0035	10667.3	-10641.1	-1017.83
1.0036	10069.8	-10044	-971.871
1.0037	9519.23	-9493.91	-929.187
1.0038	9010.89	-8986.01	-889.471
1.0039	8540.71	-8516.25	-852.447
1.004	8105.06	-8081	-817.872
1.0041	7700.72	-7677.05	-785.529
1.0042	7324.84	-7301.54	-755.225
1.0043	6974.87	-6951.94	-726.788
1.0044	6648.55	-6625.96	-700.063
1.0045	6343.84	-6321.58	-674.912
1.0046	6058.92	-6036.98	-651.21
1.0047	5792.15	-5770.53	-628.843
1.0048	5542.05	-5520.73	-607.711
1.0049	5307.31	-5286.28	-587.72
1.005	5086.7	-5065.95	-568.789
1.0051	4879.15	-4858.68	-550.84
1.0052	4683.67	-4663.46	-533.804
1.0053	4499.36	-4479.4	-517.619
1.0054	4325.4	-4305.69	-502.226
1.0055	4161.04	-4141.57	-487.573
1.0056	4005.61	-3986.37	-473.611
1.0057	3858.48	-3839.48	-460.296
1.0058	3719.09	-3700.31	-447.587
1.0059	3586.92	-3568.34	-435.446
1.006	3461.47	-3443.1	-423.839
1.0061	3342.31	-3324.15	-412.734
1.0062	3229.05	-3211.08	-402.101
1.0063	3121.29	-3103.51	-391.912
1.0064	3018.69	-3001.11	-382.143
1.0065	2920.95	-2903.54	-372.769
1.0066	2827.76	-2810.53	-363.768
1.0067	2738.84	-2721.79	-355.121
1.0068	2653.95	-2637.06	-346.808
1.0069	2572.85	-2556.13	-338.812
1.007	2495.32	-2478.76	-331.115
1.0071	2421.15	-2404.75	-323.703
1.0072	2350.17	-2333.92	-316.562
1.0073	2282.19	-2266.09	-309.676
1.0074	2217.04	-2201.09	-303.035
1.0075	2154.59	-2138.78	-296.626
1.0076	2094.67	-2079	-290.438
1.0077	2037.16	-2021.63	-284.46
1.0078	1981.93	-1966.54	-278.683
1.0079	1928.87	-1913.61	-273.098
1.008	1877.87	-1862.73	-267.695
1.0081	1828.81	-1813.8	-262.466
1.0082	1781.61	-1766.73	-257.404
1.0083	1736.18	-1721.41	-252.502
1.0084	1692.42	-1677.78	-247.752
1.0085	1650.26	-1635.73	-243.149
1.0086	1609.62	-1595.21	-238.685
1.0087	1570.44	-1556.14	-234.355
1.0088	1532.63	-1518.44	-230.153
1.0089	1496.15	-1482.07	-226.075
1.009	1460.93	-1446.95	-222.115
1.0091	1426.91	-1413.04	-218.268
1.0092	1394.04	-1380.27	-214.531
1.0093	1362.27	-1348.6	-210.898
1.0094	1331.55	-1317.98	-207.366
1.0095	1301.84	-1288.37	-203.931
1.0096	1273.1	-1259.71	-200.589
1.0097	1245.27	-1231.98	-197.337
1.0098	1218.33	-1205.13	-194.171
1.0099	1192.24	-1179.13	-191.088
1.01	1166.96	-1153.94	-188.086
1.0101	1142.46	-1129.53	-185.162
1.0102	1118.7	-1105.86	-182.311
1.0103	1095.67	-1082.91	-179.533
1.0104	1073.33	-1060.65	-176.825
1.0105	1051.65	-1039.06	-174.183
1.0106	1030.61	-1018.1	-171.606
1.0107	1010.18	-997.747	-169.092
1.0108	990.344	-977.987	-166.639
1.0109	971.074	-958.793	-164.243
1.011	952.351	-940.146	-161.905
1.0111	934.154	-922.023	-159.621
1.0112	916.464	-904.406	-157.39
1.0113	899.262	-887.277	-155.211
1.0114	882.532	-870.618	-153.081
1.0115	866.256	-854.412	-151
1.0116	850.418	-838.643	-148.964
1.0117	835.002	-823.296	-146.974
1.0118	819.995	-808.355	-145.028
1.0119	805.381	-793.808	-143.125
1.012	791.148	-779.64	-141.262
1.0121	777.282	-765.838	-139.44
1.0122	763.771	-752.391	-137.656
1.0123	750.603	-739.286	-135.91
1.0124	737.767	-726.511	-134.2
1.0125	725.252	-714.057	-132.526
1.0126	713.047	-701.913	-130.886
1.0127	701.143	-690.068	-129.28
1.0128	689.529	-678.512	-127.706
1.0129	678.197	-667.238	-126.164
1.013	667.137	-656.235	-124.653
1.0131	656.341	-645.495	-123.172
1.0132	645.8	-635.01	-121.719
1.0133	635.507	-624.772	-120.295
1.0134	625.455	-614.774	-118.899
1.0135	615.635	-605.007	-117.529
1.0136	606.041	-595.466	-116.186
1.0137	596.666	-586.143	-114.868
1.0138	587.503	-577.032	-113.574
1.0139	578.546	-568.126	-112.305
1.014	569.79	-559.42	-111.059
1.0141	561.227	-550.908	-109.836
1.0142	552.853	-542.583	-108.636
1.0143	544.663	-534.441	-107.457
1.0144	536.65	-526.476	-106.299
1.0145	528.81	-518.683	-105.162
1.0146	521.138	-511.058	-104.045
1.0147	513.629	-503.596	-102.948
1.0148	506.279	-496.291	-101.87
1.0149	499.083	-489.141	-100.811
1.015	492.037	-482.14	-99.7696
1.0151	485.137	-475.284	-98.7465
1.0152	478.379	-468.57	-97.7407
1.0153	471.76	-461.994	-96.7519
1.0154	465.274	-455.551	-95.7798
1.0155	458.92	-449.24	-94.8239
1.0156	452.693	-443.054	-93.8838
1.0157	446.59	-436.993	-92.9592
1.0158	440.608	-431.052	-92.0498
1.0159	434.743	-425.228	-91.1551
1.016	428.994	-419.519	-90.2749
1.0161	423.356	-413.921	-89.4088
1.0162	417.827	-408.431	-88.5565
1.0163	412.404	-403.047	-87.7178
1.0164	407.084	-397.766	-86.8923
1.0165	401.865	-392.585	-86.0797
1.0166	396.745	-387.503	-85.2797
1.0167	391.721	-382.516	-84.4922
1.0168	386.79	-377.622	-83.7167
1.0169	381.95	-372.819	-82.9531
1.017	377.2	-368.105	-82.2011
1.0171	372.536	-363.477	-81.4605
1.0172	367.957	-358.934	-80.7309
1.0173	363.461	-354.473	-80.0123
1.0174	359.046	-350.093	-79.3044
1.0175	354.71	-345.791	-78.6068
1.0176	350.451	-341.566	-77.9196
1.0177	346.267	-337.417	-77.2423
1.0178	342.157	-333.34	-76.5749
1.0179	338.118	-329.335	-75.9171
1.018	334.15	-325.399	-75.2687
1.0181	330.25	-321.532	-74.6296
1.0182	326.418	-317.732	-73.9995
1.0183	322.651	-313.997	-73.3784
1.0184	318.948	-310.326	-72.7659
1.0185	315.307	-306.717	-72.162
1.0186	311.728	-303.169	-71.5664
1.0187	308.209	-299.68	-70.9791
1.0188	304.748	-296.25	-70.3998
1.0189	301.344	-292.877	-69.8285
1.019	297.997	-289.56	-69.2649
1.0191	294.704	-286.297	-68.7089
1.0192	291.465	-283.087	-68.1604
1.0193	288.279	-279.93	-67.6192
1.0194	285.144	-276.824	-67.0852
1.0195	282.059	-273.768	-66.5582
1.0196	279.024	-270.761	-66.0382
1.0197	276.036	-267.802	-65.525
1.0198	273.096	-264.89	-65.0185
1.0199	270.202	-262.024	-64.5186
1.02	267.353	-259.203	-64.025
1.0201	264.549	-256.426	-63.5379
1.0202	261.788	-253.692	-63.0569
1.0203	259.07	-251.001	-62.582
1.0204	256.393	-248.35	-62.1132
1.0205	253.757	-245.741	-61.6502
1.0206	251.161	-243.171	-61.193
1.0207	248.605	-240.641	-60.7415
1.0208	246.087	-238.149	-60.2956
1.0209	243.606	-235.694	-59.8552
1.021	241.163	-233.276	-59.4202
1.0211	238.755	-230.893	-58.9905
1.0212	236.383	-228.547	-58.5661
1.0213	234.046	-226.234	-58.1467
1.0214	231.744	-223.956	-57.7324
1.0215	229.474	-221.711	-57.3231
1.0216	227.238	-219.499	-56.9187
1.0217	225.034	-217.319	-56.519
1.0218	222.861	-215.17	-56.1241
1.0219	220.719	-213.052	-55.7338
1.022	218.608	-210.964	-55.3481
1.0221	216.527	-208.906	-54.9668
1.0222	214.475	-206.877	-54.59
1.0223	212.452	-204.877	-54.2176
1.0224	210.457	-202.905	-53.8494
1.0225	208.489	-200.96	-53.4854
1.0226	206.549	-199.043	-53.1256
1.0227	204.636	-197.152	-52.7699
1.0228	202.749	-195.287	-52.4181
1.0229	200.888	-193.447	-52.0703
1.023	199.052	-191.633	-51.7265
1.0231	197.241	-189.844	-51.3864
1.0232	195.454	-188.078	-51.0501
1.0233	193.691	-186.337	-50.7175
1.0234	191.952	-184.619	-50.3886
1.0235	190.236	-182.924	-50.0633
1.0236	188.542	-181.251	-49.7415
1.0237	186.871	-179.601	-49.4232
1.0238	185.222	-177.972	-49.1084
1.0239	183.595	-176.365	-48.7969
1.024	181.988	-174.779	-48.4888
1.0241	180.403	-173.214	-48.1839
1.0242	178.838	-171.669	-47.8823
1.0243	177.293	-170.144	-47.5839
1.0244	175.768	-168.638	-47.2886
1.0245	174.262	-167.152	-46.9965
1.0246	172.776	-165.685	-46.7074
1.0247	171.308	-164.237	-46.4212
1.0248	169.859	-162.807	-46.1381
1.0249	168.428	-161.395	-45.8579
1.025	167.015	-160.001	-45.5805
1.0251	165.619	-158.624	-45.306
1.0252	164.241	-157.264	-45.0343
1.0253	162.88	-155.922	-44.7654
1.0254	161.535	-154.596	-44.4991
1.0255	160.207	-153.286	-44.2356
1.0256	158.895	-151.992	-43.9747
1.0257	157.6	-150.714	-43.7164
1.0258	156.319	-149.452	-43.4607
1.0259	155.055	-148.205	-43.2075
1.026	153.805	-146.974	-42.9568
1.0261	152.571	-145.757	-42.7086
1.0262	151.351	-144.554	-42.4628
1.0263	150.145	-143.366	-42.2194
1.0264	148.954	-142.192	-41.9784
1.0265	147.777	-141.032	-41.7397
1.0266	146.614	-139.886	-41.5033
1.0267	145.464	-138.754	-41.2692
1.0268	144.328	-137.634	-41.0373
1.0269	143.205	-136.528	-40.8076
1.027	142.095	-135.434	-40.5801
1.0271	140.998	-134.354	-40.3548
1.0272	139.913	-133.285	-40.1316
1.0273	138.841	-132.229	-39.9105
1.0274	137.781	-131.186	-39.6915
1.0275	136.733	-130.154	-39.4745
1.0276	135.697	-129.134	-39.2595
1.0277	134.672	-128.125	-39.0466
1.0278	133.66	-127.128	-38.8355
1.0279	132.658	-126.142	-38.6265
1.028	131.667	-125.167	-38.4193
1.0281	130.688	-124.203	-38.214
1.0282	129.719	-123.25	-38.0106
1.0283	128.762	-122.308	-37.8091
1.0284	127.814	-121.375	-37.6093
1.0285	126.877	-120.454	-37.4114
1.0286	125.95	-119.542	-37.2152
1.0287	125.034	-118.64	-37.0208
1.0288	124.127	-117.748	-36.8281
1.0289	123.23	-116.866	-36.6371
1.029	122.343	-115.994	-36.4478
1.0291	121.465	-115.13	-36.2602
1.0292	120.597	-114.277	-36.0742
1.0293	119.737	-113.432	-35.8899
1.0294	118.887	-112.596	-35.7071
1.0295	118.046	-111.769	-35.526
1.0296	117.214	-110.951	-35.3464
1.0297	116.391	-110.142	-35.1684
1.0298	115.576	-109.341	-34.9918
1.0299	114.77	-108.549	-34.8169
1.03	113.972	-107.765	-34.6433
1.0301	113.182	-106.989	-34.4713
1.0302	112.401	-106.221	-34.3008
1.0303	111.627	-105.462	-34.1316
1.0304	110.862	-104.71	-33.9639
1.0305	110.104	-103.966	-33.7976
1.0306	109.354	-103.229	-33.6327
1.0307	108.612	-102.5	-33.4692
1.0308	107.877	-101.778	-33.307
1.0309	107.149	-101.064	-33.1462
1.031	106.429	-100.357	-32.9867
1.0311	105.716	-99.6576	-32.8285
1.0312	105.011	-98.9649	-32.6717
1.0313	104.312	-98.2791	-32.5161
1.0314	103.62	-97.6002	-32.3617
1.0315	102.935	-96.9281	-32.2087
1.0316	102.257	-96.2626	-32.0568
1.0317	101.586	-95.6038	-31.9062
1.0318	100.921	-94.9515	-31.7568
1.0319	100.262	-94.3056	-31.6086
1.032	99.6105	-93.6661	-31.4616
1.0321	98.9649	-93.0328	-31.3157
1.0322	98.3255	-92.4058	-31.171
1.0323	97.6923	-91.7848	-31.0275
1.0324	97.0651	-91.1699	-30.8851
1.0325	96.444	-90.5609	-30.7438
1.0326	95.8288	-89.9578	-30.6036
1.0327	95.2195	-89.3605	-30.4645
1.0328	94.616	-88.7689	-30.3266
1.0329	94.0182	-88.183	-30.1896
1.033	93.4261	-87.6027	-30.0538
1.0331	92.8395	-87.0278	-29.9189
1.0332	92.2585	-86.4585	-29.7852
1.0333	91.6828	-85.8945	-29.6524
1.0334	91.1126	-85.3358	-29.5207
1.0335	90.5476	-84.7824	-29.39
1.0336	89.9879	-84.2341	-29.2602
1.0337	89.4334	-83.691	-29.1315
1.0338	88.884	-83.1529	-29.0037
1.0339	88.3396	-82.6199	-28.8769
1.034	87.8002	-82.0917	-28.751
1.0341	87.2658	-81.5684	-28.6261
1.0342	86.7362	-81.05	-28.5021
1.0343	86.2114	-80.5363	-28.3791
1.0344	85.6914	-80.0273	-28.2569
1.0345	85.1761	-79.5229	-28.1357
1.0346	84.6654	-79.0231	-28.0153
1.0347	84.1593	-78.5279	-27.8959
1.0348	83.6577	-78.0371	-27.7773
1.0349	83.1606	-77.5508	-27.6596
1.035	82.668	-77.0688	-27.5427
1.0351	82.1797	-76.5911	-27.4267
1.0352	81.6957	-76.1177	-27.3116
1.0353	81.216	-75.6486	-27.1972
1.0354	80.7405	-75.1836	-27.0837
1.0355	80.2692	-74.7227	-26.971
1.0356	79.802	-74.2659	-26.8592
1.0357	79.3389	-73.8131	-26.7481
1.0358	78.8798	-73.3643	-26.6378
1.0359	78.4247	-72.9195	-26.5283
1.036	77.9735	-72.4785	-26.4196
1.0361	77.5263	-72.0414	-26.3116
1.0362	77.0828	-71.6081	-26.2044
1.0363	76.6432	-71.1785	-26.098
1.0364	76.2074	-70.7526	-25.9923
1.0365	75.7752	-70.3304	-25.8873
1.0366	75.3467	-69.9119	-25.7831
1.0367	74.9219	-69.4969	-25.6796
1.0368	74.5007	-69.0855	-25.5768
1.0369	74.083	-68.6776	-25.4747
1.037	73.6688	-68.2731	-25.3734
1.0371	73.2581	-67.8721	-25.2727
1.0372	72.8508	-67.4745	-25.1727
1.0373	72.447	-67.0802	-25.0734
1.0374	72.0465	-66.6893	-24.9748
1.0375	71.6493	-66.3016	-24.8768
1.0376	71.2554	-65.9172	-24.7796
1.0377	70.8648	-65.536	-24.6829
1.0378	70.4773	-65.158	-24.587
1.0379	70.0931	-64.783	-24.4916
1.038	69.712	-64.4113	-24.3969
1.0381	69.334	-64.0425	-24.3029
1.0382	68.9591	-63.6768	-24.2095
1.0383	68.5872	-63.3142	-24.1167
1.0384	68.2184	-62.9544	-24.0245
1.0385	67.8525	-62.5977	-23.9329
1.0386	67.4896	-62.2438	-23.8419
1.0387	67.1296	-61.8928	-23.7515
1.0388	66.7725	-61.5447	-23.6618
1.0389	66.4182	-61.1994	-23.5726
1.039	66.0668	-60.8568	-23.484
1.0391	65.7182	-60.517	-23.3959
1.0392	65.3723	-60.18	-23.3085
1.0393	65.0292	-59.8456	-23.2216
1.0394	64.6887	-59.514	-23.1352
1.0395	64.351	-59.1849	-23.0495
1.0396	64.0159	-58.8585	-22.9642
1.0397	63.6834	-58.5347	-22.8796
1.0398	63.3536	-58.2134	-22.7954
1.0399	63.0263	-57.8947	-22.7118
1.04	62.7015	-57.5784	-22.6288
1.0401	62.3793	-57.2647	-22.5462
1.0402	62.0595	-56.9534	-22.4642
1.0403	61.7423	-56.6445	-22.3827
1.0404	61.4274	-56.3381	-22.3018
1.0405	61.115	-56.034	-22.2213
1.0406	60.805	-55.7323	-22.1413
1.0407	60.4973	-55.4329	-22.0618
1.0408	60.192	-55.1358	-21.9829
1.0409	59.889	-54.841	-21.9044
1.041	59.5883	-54.5485	-21.8264
1.0411	59.2899	-54.2582	-21.7489
1.0412	58.9937	-53.9701	-21.6719
1.0413	58.6998	-53.6843	-21.5953
1.0414	58.408	-53.4006	-21.5192
1.0415	58.1185	-53.119	-21.4436
1.0416	57.8311	-52.8396	-21.3685
1.0417	57.5458	-52.5623	-21.2938
1.0418	57.2627	-52.2871	-21.2195
1.0419	56.9817	-52.0139	-21.1457
1.042	56.7027	-51.7428	-21.0724
1.0421	56.4258	-51.4737	-20.9995
1.0422	56.151	-51.2067	-20.927
1.0423	55.8782	-50.9416	-20.855
1.0424	55.6073	-50.6785	-20.7834
1.0425	55.3385	-50.4173	-20.7123
1.0426	55.0716	-50.1581	-20.6415
1.0427	54.8066	-49.9007	-20.5712
1.0428	54.5436	-49.6453	-20.5013
1.0429	54.2825	-49.3917	-20.4318
1.043	54.0232	-49.14	-20.3627
1.0431	53.7659	-48.8902	-20.2941
1.0432	53.5103	-48.6421	-20.2258
1.0433	53.2566	-48.3959	-20.158
1.0434	53.0048	-48.1514	-20.0905
1.0435	52.7547	-47.9087	-20.0234
1.0436	52.5064	-47.6678	-19.9567
1.0437	52.2599	-47.4286	-19.8905
1.0438	52.0151	-47.1911	-19.8246
1.0439	51.772	-46.9554	-19.759
1.044	51.5307	-46.7213	-19.6939
1.0441	51.2911	-46.4889	-19.6291
1.0442	51.0531	-46.2581	-19.5647
1.0443	50.8168	-46.029	-19.5007
1.0444	50.5822	-45.8015	-19.437
1.0445	50.3492	-45.5756	-19.3737
1.0446	50.1178	-45.3513	-19.3108
1.0447	49.8881	-45.1286	-19.2482
1.0448	49.6599	-44.9074	-19.186
1.0449	49.4333	-44.6878	-19.1241
1.045	49.2082	-44.4698	-19.0626
1.0451	48.9848	-44.2532	-19.0014
1.0452	48.7628	-44.0382	-18.9406
1.0453	48.5424	-43.8247	-18.8801
1.0454	48.3234	-43.6126	-18.82
1.0455	48.106	-43.402	-18.7601
1.0456	47.8901	-43.1929	-18.7007
1.0457	47.6756	-42.9852	-18.6415
1.0458	47.4625	-42.7789	-18.5827
1.0459	47.2509	-42.5741	-18.5242
1.046	47.0408	-42.3706	-18.466
1.0461	46.832	-42.1686	-18.4082
1.0462	46.6247	-41.9679	-18.3506
1.0463	46.4187	-41.7686	-18.2934
1.0464	46.2141	-41.5706	-18.2365
1.0465	46.0109	-41.374	-18.1799
1.0466	45.809	-41.1787	-18.1236
1.0467	45.6085	-40.9847	-18.0676
1.0468	45.4093	-40.792	-18.0119
1.0469	45.2114	-40.6006	-17.9566
1.047	45.0149	-40.4105	-17.9015
1.0471	44.8196	-40.2217	-17.8467
1.0472	44.6256	-40.0341	-17.7922
1.0473	44.4329	-39.8478	-17.738
1.0474	44.2414	-39.6627	-17.6841
1.0475	44.0512	-39.4789	-17.6305
1.0476	43.8622	-39.2962	-17.5772
1.0477	43.6744	-39.1148	-17.5241
1.0478	43.4879	-38.9346	-17.4713
1.0479	43.3026	-38.7555	-17.4189
1.048	43.1185	-38.5776	-17.3667
1.0481	42.9355	-38.4009	-17.3147
1.0482	42.7538	-38.2254	-17.2631
1.0483	42.5732	-38.051	-17.2117
1.0484	42.3937	-37.8777	-17.1606
1.0485	42.2154	-37.7055	-17.1097
1.0486	42.0383	-37.5345	-17.0591
1.0487	41.8623	-37.3645	-17.0088
1.0488	41.6873	-37.1957	-16.9587
1.0489	41.5135	-37.028	-16.9089
1.049	41.3408	-36.8613	-16.8594
1.0491	41.1692	-36.6957	-16.8101
1.0492	40.9987	-36.5311	-16.7611
1.0493	40.8292	-36.3677	-16.7123
1.0494	40.6608	-36.2052	-16.6637
1.0495	40.4935	-36.0438	-16.6155
1.0496	40.3272	-35.8834	-16.5674
1.0497	40.1619	-35.724	-16.5196
1.0498	39.9977	-35.5657	-16.4721
1.0499	39.8345	-35.4083	-16.4248
1.05	39.6723	-35.2519	-16.3777
1.0501	39.5111	-35.0965	-16.3309
1.0502	39.3509	-34.9421	-16.2843
1.0503	39.1917	-34.7887	-16.2379
1.0504	39.0334	-34.6362	-16.1918
1.0505	38.8762	-34.4846	-16.1459
1.0506	38.7198	-34.334	-16.1002
1.0507	38.5645	-34.1844	-16.0548
1.0508	38.4101	-34.0356	-16.0096
1.0509	38.2566	-33.8878	-15.9646
1.051	38.1041	-33.7409	-15.9199
1.0511	37.9525	-33.5949	-15.8753
1.0512	37.8018	-33.4498	-15.831
1.0513	37.652	-33.3056	-15.7869
1.0514	37.5031	-33.1623	-15.743
1.0515	37.3551	-33.0199	-15.6994
1.0516	37.208	-32.8783	-15.6559
1.0517	37.0618	-32.7376	-15.6127
1.0518	36.9165	-32.5977	-15.5696
1.0519	36.772	-32.4587	-15.5268
1.052	36.6284	-32.3205	-15.4842
1.0521	36.4856	-32.1832	-15.4418
1.0522	36.3437	-32.0467	-15.3996
1.0523	36.2026	-31.911	-15.3576
1.0524	36.0624	-31.7762	-15.3158
1.0525	35.923	-31.6421	-15.2743
1.0526	35.7844	-31.5088	-15.2329
1.0527	35.6466	-31.3764	-15.1917
1.0528	35.5096	-31.2447	-15.1507
1.0529	35.3734	-31.1138	-15.1099
1.053	35.2381	-30.9837	-15.0693
1.0531	35.1035	-30.8544	-15.0289
1.0532	34.9697	-30.7258	-14.9887
1.0533	34.8366	-30.598	-14.9486
1.0534	34.7044	-30.471	-14.9088
1.0535	34.5729	-30.3447	-14.8692
1.0536	34.4421	-30.2191	-14.8297
1.0537	34.3122	-30.0943	-14.7904
1.0538	34.1829	-29.9702	-14.7514
1.0539	34.0544	-29.8468	-14.7124
1.054	33.9267	-29.7242	-14.6737
1.0541	33.7997	-29.6022	-14.6352
1.0542	33.6733	-29.481	-14.5968
1.0543	33.5478	-29.3605	-14.5586
1.0544	33.4229	-29.2407	-14.5206
1.0545	33.2987	-29.1215	-14.4828
1.0546	33.1753	-29.0031	-14.4452
1.0547	33.0525	-28.8853	-14.4077
1.0548	32.9305	-28.7682	-14.3704
1.0549	32.8091	-28.6518	-14.3332
1.055	32.6884	-28.5361	-14.2963
1.0551	32.5684	-28.421	-14.2595
1.0552	32.449	-28.3066	-14.2229
1.0553	32.3303	-28.1928	-14.1864
1.0554	32.2123	-28.0797	-14.1501
1.0555	32.0949	-27.9672	-14.114
1.0556	31.9782	-27.8553	-14.078
1.0557	31.8622	-27.7441	-14.0422
1.0558	31.7468	-27.6335	-14.0066
1.0559	31.632	-27.5236	-13.9711
1.056	31.5178	-27.4142	-13.9358
1.0561	31.4043	-27.3055	-13.9006
1.0562	31.2914	-27.1974	-13.8656
1.0563	31.1791	-27.0899	-13.8308
1.0564	31.0675	-26.9829	-13.7961
1.0565	30.9564	-26.8766	-13.7616
1.0566	30.846	-26.7709	-13.7272
1.0567	30.7362	-26.6658	-13.693
1.0568	30.6269	-26.5612	-13.6589
1.0569	30.5183	-26.4572	-13.625
1.057	30.4102	-26.3538	-13.5912
1.0571	30.3027	-26.251	-13.5576
1.0572	30.1958	-26.1487	-13.5241
1.0573	30.0895	-26.047	-13.4908
1.0574	29.9838	-25.9459	-13.4576
1.0575	29.8786	-25.8453	-13.4246
1.0576	29.774	-25.7452	-13.3917
1.0577	29.6699	-25.6458	-13.359
1.0578	29.5664	-25.5468	-13.3264
1.0579	29.4635	-25.4484	-13.2939
1.058	29.3611	-25.3505	-13.2616
1.0581	29.2592	-25.2532	-13.2294
1.0582	29.1579	-25.1564	-13.1974
1.0583	29.0571	-25.0601	-13.1655
1.0584	28.9569	-24.9643	-13.1338
1.0585	28.8572	-24.869	-13.1021
1.0586	28.758	-24.7743	-13.0706
1.0587	28.6593	-24.68	-13.0393
1.0588	28.5612	-24.5863	-13.0081
1.0589	28.4635	-24.4931	-12.977
1.059	28.3664	-24.4003	-12.9461
1.0591	28.2698	-24.3081	-12.9152
1.0592	28.1737	-24.2163	-12.8846
1.0593	28.0781	-24.1251	-12.854
1.0594	27.983	-24.0343	-12.8236
1.0595	27.8883	-23.944	-12.7933
1.0596	27.7942	-23.8542	-12.7631
1.0597	27.7006	-23.7649	-12.7331
1.0598	27.6074	-23.676	-12.7032
1.0599	27.5147	-23.5876	-12.6734
1.06	27.4225	-23.4996	-12.6437
1.0601	27.3308	-23.4122	-12.6142
1.0602	27.2395	-23.3251	-12.5848
1.0603	27.1487	-23.2386	-12.5555
1.0604	27.0584	-23.1525	-12.5263
1.0605	26.9685	-23.0668	-12.4973
1.0606	26.8791	-22.9816	-12.4683
1.0607	26.7902	-22.8968	-12.4395
1.0608	26.7016	-22.8125	-12.4108
1.0609	26.6136	-22.7286	-12.3823
1.061	26.526	-22.6451	-12.3538
1.0611	26.4388	-22.5621	-12.3255
1.0612	26.3521	-22.4795	-12.2973
1.0613	26.2658	-22.3973	-12.2692
1.0614	26.1799	-22.3155	-12.2412
1.0615	26.0945	-22.2342	-12.2133
1.0616	26.0095	-22.1532	-12.1856
1.0617	25.9249	-22.0727	-12.1579
1.0618	25.8407	-21.9926	-12.1304
1.0619	25.757	-21.9129	-12.103
1.062	25.6737	-21.8336	-12.0757
1.0621	25.5908	-21.7548	-12.0485
1.0622	25.5083	-21.6763	-12.0214
1.0623	25.4262	-21.5982	-11.9944
1.0624	25.3445	-21.5205	-11.9676
1.0625	25.2632	-21.4432	-11.9408
1.0626	25.1824	-21.3663	-11.9142
1.0627	25.1019	-21.2897	-11.8876
1.0628	25.0218	-21.2136	-11.8612
1.0629	24.9421	-21.1378	-11.8348
1.063	24.8628	-21.0625	-11.8086
1.0631	24.7839	-20.9875	-11.7825
1.0632	24.7053	-20.9128	-11.7565
1.0633	24.6272	-20.8386	-11.7306
1.0634	24.5494	-20.7647	-11.7048
1.0635	24.472	-20.6912	-11.6791
1.0636	24.395	-20.618	-11.6535
1.0637	24.3184	-20.5452	-11.628
1.0638	24.2421	-20.4728	-11.6026
1.0639	24.1662	-20.4007	-11.5772
1.064	24.0906	-20.329	-11.552
1.0641	24.0155	-20.2576	-11.5269
1.0642	23.9407	-20.1866	-11.5019
1.0643	23.8662	-20.1159	-11.477
1.0644	23.7921	-20.0456	-11.4522
1.0645	23.7183	-19.9756	-11.4275
1.0646	23.645	-19.906	-11.4029
1.0647	23.5719	-19.8367	-11.3784
1.0648	23.4992	-19.7677	-11.3539
1.0649	23.4268	-19.6991	-11.3296
1.065	23.3548	-19.6308	-11.3054
1.0651	23.2832	-19.5628	-11.2812
1.0652	23.2118	-19.4952	-11.2572
1.0653	23.1408	-19.4279	-11.2332
1.0654	23.0702	-19.3609	-11.2094
1.0655	22.9998	-19.2943	-11.1856
1.0656	22.9298	-19.2279	-11.1619
1.0657	22.8602	-19.1619	-11.1383
1.0658	22.7908	-19.0962	-11.1148
1.0659	22.7218	-19.0308	-11.0914
1.066	22.6531	-18.9657	-11.0681
1.0661	22.5847	-18.901	-11.0448
1.0662	22.5167	-18.8365	-11.0217
1.0663	22.4489	-18.7723	-10.9986
1.0664	22.3815	-18.7085	-10.9757
1.0665	22.3144	-18.645	-10.9528
1.0666	22.2476	-18.5817	-10.93
1.0667	22.1811	-18.5188	-10.9073
1.0668	22.1149	-18.4561	-10.8846
1.0669	22.049	-18.3938	-10.8621
1.067	21.9834	-18.3317	-10.8396
1.0671	21.9181	-18.27	-10.8173
1.0672	21.8531	-18.2085	-10.795
1.0673	21.7884	-18.1473	-10.7728
1.0674	21.724	-18.0864	-10.7507
1.0675	21.6599	-18.0258	-10.7286
1.0676	21.5961	-17.9654	-10.7067
1.0677	21.5326	-17.9054	-10.6848
1.0678	21.4694	-17.8456	-10.663
1.0679	21.4064	-17.7861	-10.6413
1.068	21.3438	-17.7269	-10.6197
1.0681	21.2814	-17.668	-10.5981
1.0682	21.2193	-17.6093	-10.5766
1.0683	21.1575	-17.5509	-10.5552
1.0684	21.096	-17.4928	-10.5339
1.0685	21.0347	-17.4349	-10.5127
1.0686	20.9737	-17.3773	-10.4915
1.0687	20.913	-17.32	-10.4704
1.0688	20.8526	-17.2629	-10.4494
1.0689	20.7924	-17.2061	-10.4285
1.069	20.7325	-17.1495	-10.4076
1.0691	20.6728	-17.0932	-10.3869
1.0692	20.6135	-17.0372	-10.3662
1.0693	20.5544	-16.9814	-10.3455
1.0694	20.4955	-16.9259	-10.325
1.0695	20.4369	-16.8706	-10.3045
1.0696	20.3786	-16.8156	-10.2841
1.0697	20.3205	-16.7608	-10.2638
1.0698	20.2627	-16.7063	-10.2435
1.0699	20.2052	-16.652	-10.2233
1.07	20.1479	-16.598	-10.2032
1.0701	20.0908	-16.5442	-10.1832
1.0702	20.034	-16.4907	-10.1632
1.0703	19.9774	-16.4374	-10.1433
1.0704	19.9211	-16.3843	-10.1235
1.0705	19.8651	-16.3315	-10.1037
1.0706	19.8092	-16.2789	-10.084
1.0707	19.7537	-16.2265	-10.0644
1.0708	19.6983	-16.1744	-10.0449
1.0709	19.6432	-16.1225	-10.0254
1.071	19.5884	-16.0708	-10.006
1.0711	19.5337	-16.0194	-9.98666
1.0712	19.4794	-15.9682	-9.96739
1.0713	19.4252	-15.9172	-9.94819
1.0714	19.3713	-15.8664	-9.92905
1.0715	19.3176	-15.8159	-9.90998
1.0716	19.2641	-15.7656	-9.89098
1.0717	19.2109	-15.7155	-9.87205
1.0718	19.1579	-15.6657	-9.85318
1.0719	19.1051	-15.616	-9.83437
1.072	19.0526	-15.5666	-9.81564
1.0721	19.0003	-15.5174	-9.79696
1.0722	18.9482	-15.4684	-9.77836
1.0723	18.8963	-15.4196	-9.75982
1.0724	18.8446	-15.371	-9.74134
1.0725	18.7932	-15.3227	-9.72292
1.0726	18.742	-15.2745	-9.70457
1.0727	18.691	-15.2266	-9.68629
1.0728	18.6402	-15.1788	-9.66806
1.0729	18.5896	-15.1313	-9.6499
1.073	18.5392	-15.084	-9.6318
1.0731	18.4891	-15.0369	-9.61376
1.0732	18.4391	-14.99	-9.59579
1.0733	18.3894	-14.9432	-9.57787
1.0734	18.3399	-14.8967	-9.56002
1.0735	18.2906	-14.8504	-9.54223
1.0736	18.2414	-14.8043	-9.5245
1.0737	18.1925	-14.7584	-9.50683
1.0738	18.1438	-14.7127	-9.48922
1.0739	18.0953	-14.6672	-9.47167
1.074	18.047	-14.6218	-9.45418
1.0741	17.9989	-14.5767	-9.43674
1.0742	17.951	-14.5318	-9.41937
1.0743	17.9033	-14.487	-9.40206
1.0744	17.8558	-14.4425	-9.3848
1.0745	17.8085	-14.3981	-9.3676
1.0746	17.7614	-14.3539	-9.35046
1.0747	17.7145	-14.3099	-9.33338
1.0748	17.6677	-14.2661	-9.31635
1.0749	17.6212	-14.2225	-9.29939
1.075	17.5748	-14.179	-9.28247
1.0751	17.5287	-14.1358	-9.26562
1.0752	17.4827	-14.0927	-9.24882
1.0753	17.4369	-14.0498	-9.23208
1.0754	17.3913	-14.0071	-9.21539
1.0755	17.3459	-13.9645	-9.19876
1.0756	17.3007	-13.9222	-9.18218
1.0757	17.2556	-13.88	-9.16566
1.0758	17.2108	-13.838	-9.14919
1.0759	17.1661	-13.7961	-9.13278
1.076	17.1216	-13.7545	-9.11642
1.0761	17.0773	-13.713	-9.10011
1.0762	17.0331	-13.6717	-9.08386
1.0763	16.9892	-13.6305	-9.06766
1.0764	16.9454	-13.5896	-9.05152
1.0765	16.9018	-13.5487	-9.03543
1.0766	16.8583	-13.5081	-9.01939
1.0767	16.8151	-13.4676	-9.0034
1.0768	16.772	-13.4273	-8.98746
1.0769	16.729	-13.3872	-8.97158
1.077	16.6863	-13.3472	-8.95575
1.0771	16.6437	-13.3074	-8.93997
1.0772	16.6013	-13.2678	-8.92424
1.0773	16.5591	-13.2283	-8.90856
1.0774	16.517	-13.189	-8.89294
1.0775	16.4751	-13.1498	-8.87736
1.0776	16.4333	-13.1108	-8.86183
1.0777	16.3918	-13.072	-8.84636
1.0778	16.3503	-13.0333	-8.83093
1.0779	16.3091	-12.9947	-8.81555
1.078	16.268	-12.9564	-8.80023
1.0781	16.2271	-12.9181	-8.78495
1.0782	16.1863	-12.8801	-8.76972
1.0783	16.1457	-12.8422	-8.75454
1.0784	16.1053	-12.8044	-8.7394
1.0785	16.065	-12.7668	-8.72432
1.0786	16.0248	-12.7294	-8.70928
1.0787	15.9848	-12.6921	-8.6943
1.0788	15.945	-12.6549	-8.67936
1.0789	15.9054	-12.6179	-8.66446
1.079	15.8658	-12.581	-8.64962
1.0791	15.8265	-12.5443	-8.63482
1.0792	15.7873	-12.5078	-8.62006
1.0793	15.7482	-12.4713	-8.60536
1.0794	15.7093	-12.4351	-8.5907
1.0795	15.6706	-12.3989	-8.57609
1.0796	15.6319	-12.363	-8.56152
1.0797	15.5935	-12.3271	-8.547
1.0798	15.5552	-12.2914	-8.53252
1.0799	15.517	-12.2559	-8.51809
1.08	15.479	-12.2204	-8.5037
1.0801	15.4411	-12.1852	-8.48936
1.0802	15.4034	-12.15	-8.47507
1.0803	15.3658	-12.115	-8.46082
1.0804	15.3284	-12.0802	-8.44661
1.0805	15.2911	-12.0454	-8.43245
1.0806	15.2539	-12.0108	-8.41833
1.0807	15.2169	-11.9764	-8.40425
1.0808	15.18	-11.9421	-8.39022
1.0809	15.1433	-11.9079	-8.37623
1.081	15.1067	-11.8738	-8.36229
1.0811	15.0702	-11.8399	-8.34839
1.0812	15.0339	-11.8061	-8.33453
1.0813	14.9977	-11.7725	-8.32071
1.0814	14.9617	-11.7389	-8.30693
1.0815	14.9258	-11.7055	-8.2932
1.0816	14.89	-11.6723	-8.27951
1.0817	14.8543	-11.6391	-8.26587
1.0818	14.8188	-11.6061	-8.25226
1.0819	14.7834	-11.5732	-8.23869
1.082	14.7482	-11.5405	-8.22517
1.0821	14.7131	-11.5079	-8.21169
1.0822	14.6781	-11.4753	-8.19825
1.0823	14.6432	-11.443	-8.18485
1.0824	14.6085	-11.4107	-8.17149
1.0825	14.5739	-11.3786	-8.15817
1.0826	14.5395	-11.3466	-8.14489
1.0827	14.5051	-11.3147	-8.13165
1.0828	14.4709	-11.2829	-8.11845
1.0829	14.4368	-11.2513	-8.10529
1.083	14.4029	-11.2198	-8.09217
1.0831	14.369	-11.1884	-8.07909
1.0832	14.3353	-11.1571	-8.06605
1.0833	14.3017	-11.1259	-8.05305
1.0834	14.2683	-11.0949	-8.04009
1.0835	14.2349	-11.0639	-8.02716
1.0836	14.2017	-11.0331	-8.01428
1.0837	14.1686	-11.0024	-8.00143
1.0838	14.1356	-10.9719	-7.98862
1.0839	14.1028	-10.9414	-7.97585
1.084	14.07	-10.911	-7.96312
1.0841	14.0374	-10.8808	-7.95043
1.0842	14.0049	-10.8507	-7.93777
1.0843	13.9725	-10.8207	-7.92515
1.0844	13.9403	-10.7908	-7.91257
1.0845	13.9081	-10.761	-7.90002
1.0846	13.8761	-10.7313	-7.88751
1.0847	13.8442	-10.7018	-7.87504
1.0848	13.8124	-10.6723	-7.86261
1.0849	13.7807	-10.643	-7.85021
1.085	13.7491	-10.6137	-7.83785
1.0851	13.7176	-10.5846	-7.82552
1.0852	13.6863	-10.5556	-7.81324
1.0853	13.6551	-10.5267	-7.80098
1.0854	13.6239	-10.4979	-7.78877
1.0855	13.5929	-10.4692	-7.77658
1.0856	13.562	-10.4406	-7.76444
1.0857	13.5312	-10.4121	-7.75233
1.0858	13.5005	-10.3837	-7.74025
1.0859	13.47	-10.3555	-7.72821
1.086	13.4395	-10.3273	-7.71621
1.0861	13.4092	-10.2992	-7.70424
1.0862	13.3789	-10.2713	-7.6923
1.0863	13.3488	-10.2434	-7.6804
1.0864	13.3187	-10.2157	-7.66853
1.0865	13.2888	-10.188	-7.6567
1.0866	13.259	-10.1604	-7.6449
1.0867	13.2293	-10.133	-7.63314
1.0868	13.1997	-10.1056	-7.62141
1.0869	13.1702	-10.0784	-7.60971
1.087	13.1408	-10.0512	-7.59804
1.0871	13.1115	-10.0242	-7.58641
1.0872	13.0823	-9.9972	-7.57482
1.0873	13.0532	-9.97034	-7.56325
1.0874	13.0242	-9.94358	-7.55172
1.0875	12.9953	-9.91691	-7.54022
1.0876	12.9665	-9.89034	-7.52876
1.0877	12.9378	-9.86386	-7.51733
1.0878	12.9092	-9.83748	-7.50593
1.0879	12.8807	-9.8112	-7.49456
1.088	12.8523	-9.78501	-7.48322
1.0881	12.824	-9.75891	-7.47192
1.0882	12.7958	-9.73291	-7.46065
1.0883	12.7677	-9.707	-7.44941
1.0884	12.7397	-9.68118	-7.4382
1.0885	12.7118	-9.65546	-7.42702
1.0886	12.684	-9.62983	-7.41588
1.0887	12.6563	-9.60428	-7.40477
1.0888	12.6287	-9.57883	-7.39368
1.0889	12.6011	-9.55348	-7.38263
1.089	12.5737	-9.52821	-7.37161
1.0891	12.5464	-9.50303	-7.36062
1.0892	12.5191	-9.47794	-7.34966
1.0893	12.492	-9.45294	-7.33874
1.0894	12.4649	-9.42802	-7.32784
1.0895	12.438	-9.4032	-7.31697
1.0896	12.4111	-9.37846	-7.30613
1.0897	12.3843	-9.35381	-7.29533
1.0898	12.3576	-9.32925	-7.28455
1.0899	12.331	-9.30478	-7.2738
1.09	12.3045	-9.28039	-7.26309
1.0901	12.2781	-9.25608	-7.2524
1.0902	12.2518	-9.23186	-7.24174
1.0903	12.2255	-9.20773	-7.23111
1.0904	12.1994	-9.18368	-7.22051
1.0905	12.1733	-9.15972	-7.20994
1.0906	12.1473	-9.13584	-7.1994
1.0907	12.1214	-9.11204	-7.18889
1.0908	12.0956	-9.08832	-7.1784
1.0909	12.0699	-9.06469	-7.16795
1.091	12.0443	-9.04114	-7.15752
1.0911	12.0187	-9.01767	-7.14713
1.0912	11.9933	-8.99429	-7.13676
1.0913	11.9679	-8.97098	-7.12642
1.0914	11.9426	-8.94776	-7.1161
1.0915	11.9174	-8.92461	-7.10582
1.0916	11.8923	-8.90155	-7.09556
1.0917	11.8673	-8.87856	-7.08533
1.0918	11.8423	-8.85566	-7.07513
1.0919	11.8174	-8.83283	-7.06496
1.092	11.7927	-8.81008	-7.05481
1.0921	11.768	-8.78741	-7.04469
1.0922	11.7433	-8.76482	-7.0346
1.0923	11.7188	-8.74231	-7.02454
1.0924	11.6943	-8.71987	-7.0145
1.0925	11.6699	-8.69751	-7.00449
1.0926	11.6456	-8.67523	-6.99451
1.0927	11.6214	-8.65302	-6.98455
1.0928	11.5973	-8.63089	-6.97462
1.0929	11.5732	-8.60883	-6.96472
1.093	11.5492	-8.58685	-6.95484
1.0931	11.5253	-8.56494	-6.945
1.0932	11.5015	-8.54311	-6.93517
1.0933	11.4778	-8.52135	-6.92537
1.0934	11.4541	-8.49967	-6.9156
1.0935	11.4305	-8.47806	-6.90586
1.0936	11.407	-8.45652	-6.89614
1.0937	11.3835	-8.43506	-6.88645
1.0938	11.3602	-8.41366	-6.87678
1.0939	11.3369	-8.39234	-6.86714
1.094	11.3137	-8.3711	-6.85752
1.0941	11.2905	-8.34992	-6.84793
1.0942	11.2675	-8.32882	-6.83836
1.0943	11.2445	-8.30778	-6.82882
1.0944	11.2216	-8.28682	-6.81931
1.0945	11.1987	-8.26592	-6.80982
1.0946	11.176	-8.2451	-6.80035
1.0947	11.1533	-8.22435	-6.79091
1.0948	11.1306	-8.20366	-6.78149
1.0949	11.1081	-8.18305	-6.7721
1.095	11.0856	-8.1625	-6.76274
1.0951	11.0632	-8.14202	-6.75339
1.0952	11.0409	-8.12161	-6.74408
1.0953	11.0186	-8.10127	-6.73478
1.0954	10.9964	-8.081	-6.72551
1.0955	10.9743	-8.06079	-6.71627
1.0956	10.9523	-8.04065	-6.70705
1.0957	10.9303	-8.02058	-6.69785
1.0958	10.9084	-8.00057	-6.68868
1.0959	10.8865	-7.98063	-6.67953
1.096	10.8648	-7.96075	-6.6704
1.0961	10.8431	-7.94095	-6.6613
1.0962	10.8214	-7.9212	-6.65222
1.0963	10.7999	-7.90152	-6.64317
1.0964	10.7784	-7.88191	-6.63414
1.0965	10.757	-7.86236	-6.62513
1.0966	10.7356	-7.84287	-6.61614
1.0967	10.7143	-7.82345	-6.60718
1.0968	10.6931	-7.80409	-6.59824
1.0969	10.6719	-7.7848	-6.58933
1.097	10.6508	-7.76556	-6.58043
1.0971	10.6298	-7.7464	-6.57156
1.0972	10.6089	-7.72729	-6.56271
1.0973	10.588	-7.70824	-6.55389
1.0974	10.5671	-7.68926	-6.54509
1.0975	10.5464	-7.67034	-6.53631
1.0976	10.5257	-7.65148	-6.52755
1.0977	10.505	-7.63268	-6.51881
1.0978	10.4845	-7.61395	-6.5101
1.0979	10.464	-7.59527	-6.50141
1.098	10.4435	-7.57666	-6.49274
1.0981	10.4231	-7.5581	-6.48409
1.0982	10.4028	-7.5396	-6.47547
1.0983	10.3826	-7.52117	-6.46686
1.0984	10.3624	-7.50279	-6.45828
1.0985	10.3422	-7.48447	-6.44972
1.0986	10.3222	-7.46622	-6.44118
1.0987	10.3022	-7.44802	-6.43266
1.0988	10.2822	-7.42987	-6.42417
1.0989	10.2623	-7.41179	-6.41569
1.099	10.2425	-7.39377	-6.40724
1.0991	10.2228	-7.3758	-6.39881
1.0992	10.2031	-7.35789	-6.3904
1.0993	10.1834	-7.34003	-6.38201
1.0994	10.1638	-7.32224	-6.37364
1.0995	10.1443	-7.3045	-6.36529
1.0996	10.1249	-7.28682	-6.35696
1.0997	10.1055	-7.26919	-6.34866
1.0998	10.0861	-7.25162	-6.34037
1.0999	10.0669	-7.2341	-6.33211
