1	0	23.3909	0
1.0001	5983.84	-5960.71	-1330.21
1.0002	5789.49	-5766.62	-1288.25
1.0003	5603.7	-5581.07	-1248.13
1.0004	5425.99	-5403.6	-1209.73
1.0005	5255.92	-5233.77	-1172.97
1.0006	5093.08	-5071.16	-1137.76
1.0007	4937.08	-4915.39	-1104.02
1.0008	4787.57	-4766.11	-1071.67
1.0009	4644.21	-4622.96	-1040.63
1.001	4506.68	-4485.65	-1010.85
1.0011	4374.69	-4353.86	-982.252
1.0012	4247.95	-4227.32	-954.783
1.0013	4126.2	-4105.78	-928.386
1.0014	4009.21	-3988.98	-903.008
1.0015	3896.72	-3876.69	-878.599
1.0016	3788.54	-3768.69	-855.112
1.0017	3684.44	-3664.77	-832.505
1.0018	3584.24	-3564.76	-810.735
1.0019	3487.76	-3468.45	-789.762
1.002	3394.81	-3375.68	-769.551
1.0021	3305.24	-3286.28	-750.066
1.0022	3218.9	-3200.11	-731.275
1.0023	3135.64	-3117.01	-713.145
1.0024	3055.32	-3036.84	-695.649
1.0025	2977.8	-2959.49	-678.757
1.0026	2902.98	-2884.82	-662.443
1.0027	2830.72	-2812.71	-646.683
1.0028	2760.92	-2743.06	-631.452
1.0029	2693.47	-2675.77	-616.728
1.003	2628.28	-2610.72	-602.489
1.0031	2565.25	-2547.83	-588.716
1.0032	2504.29	-2487.01	-575.39
1.0033	2445.31	-2428.16	-562.49
1.0034	2388.23	-2371.22	-550.002
1.0035	2332.98	-2316.1	-537.907
1.0036	2279.48	-2262.73	-526.19
1.0037	2227.67	-2211.05	-514.836
1.0038	2177.46	-2160.97	-503.831
1.0039	2128.82	-2112.44	-493.161
1.004	2081.66	-2065.41	-482.814
1.0041	2035.93	-2019.8	-472.776
1.0042	1991.59	-1975.58	-463.036
1.0043	1948.57	-1932.68	-453.583
1.0044	1906.83	-1891.05	-444.406
1.0045	1866.32	-1850.65	-435.495
1.0046	1826.99	-1811.43	-426.841
1.0047	1788.8	-1773.35	-418.432
1.0048	1751.71	-1736.37	-410.262
1.0049	1715.67	-1700.44	-402.321
1.005	1680.66	-1665.53	-394.6
1.0051	1646.63	-1631.6	-387.093
1.0052	1613.55	-1598.62	-379.791
1.0053	1581.39	-1566.56	-372.688
1.0054	1550.1	-1535.38	-365.777
1.0055	1519.68	-1505.05	-359.05
1.0056	1490.07	-1475.54	-352.503
1.0057	1461.26	-1446.82	-346.128
1.0058	1433.22	-1418.87	-339.919
1.0059	1405.92	-1391.67	-333.872
1.006	1379.34	-1365.18	-327.981
1.0061	1353.46	-1339.38	-322.241
1.0062	1328.24	-1314.25	-316.646
1.0063	1303.68	-1289.77	-311.193
1.0064	1279.74	-1265.92	-305.876
1.0065	1256.41	-1242.67	-300.691
1.0066	1233.66	-1220.01	-295.634
1.0067	1211.49	-1197.92	-290.702
1.0068	1189.87	-1176.38	-285.889
1.0069	1168.78	-1155.37	-281.192
1.007	1148.21	-1134.88	-276.609
1.0071	1128.14	-1114.89	-272.134
1.0072	1108.56	-1095.38	-267.766
1.0073	1089.44	-1076.35	-263.5
1.0074	1070.79	-1057.77	-259.334
1.0075	1052.57	-1039.63	-255.264
1.0076	1034.79	-1021.92	-251.288
1.0077	1017.42	-1004.62	-247.403
1.0078	1000.46	-987.731	-243.606
1.0079	983.891	-971.231	-239.895
1.008	967.702	-955.111	-236.268
1.0081	951.882	-939.361	-232.721
1.0082	936.422	-923.968	-229.253
1.0083	921.31	-908.924	-225.861
1.0084	906.538	-894.217	-222.543
1.0085	892.094	-879.839	-219.297
1.0086	877.971	-865.781	-216.121
1.0087	864.158	-852.032	-213.014
1.0088	850.648	-838.585	-209.972
1.0089	837.431	-825.431	-206.995
1.009	824.5	-812.562	-204.081
1.0091	811.847	-799.97	-201.227
1.0092	799.465	-787.648	-198.433
1.0093	787.345	-775.588	-195.697
1.0094	775.482	-763.784	-193.016
1.0095	763.867	-752.227	-190.391
1.0096	752.495	-740.913	-187.819
1.0097	741.359	-729.834	-185.298
1.0098	730.453	-718.984	-182.828
1.0099	719.771	-708.358	-180.408
1.01	709.306	-697.949	-178.035
1.0101	699.054	-687.751	-175.709
1.0102	689.009	-677.76	-173.428
1.0103	679.165	-667.97	-171.192
1.0104	669.517	-658.375	-168.999
1.0105	660.061	-648.971	-166.848
1.0106	650.792	-639.754	-164.739
1.0107	641.705	-630.718	-162.669
1.0108	632.795	-621.858	-160.639
1.0109	624.058	-613.172	-158.647
1.011	615.489	-604.653	-156.692
1.0111	607.085	-596.298	-154.773
1.0112	598.842	-588.104	-152.89
1.0113	590.756	-580.065	-151.041
1.0114	582.822	-572.18	-149.226
1.0115	575.038	-564.442	-147.445
1.0116	567.399	-556.85	-145.695
1.0117	559.902	-549.4	-143.977
1.0118	552.544	-542.088	-142.29
1.0119	545.322	-534.911	-140.632
1.012	538.232	-527.866	-139.004
1.0121	531.271	-520.95	-137.405
1.0122	524.437	-514.159	-135.833
1.0123	517.726	-507.492	-134.289
1.0124	511.135	-500.944	-132.772
1.0125	504.662	-494.514	-131.28
1.0126	498.305	-488.199	-129.815
1.0127	492.059	-481.996	-128.374
1.0128	485.924	-475.902	-126.958
1.0129	479.896	-469.916	-125.565
1.013	473.974	-464.034	-124.196
1.0131	468.154	-458.254	-122.85
1.0132	462.434	-452.575	-121.526
1.0133	456.813	-446.994	-120.224
1.0134	451.288	-441.508	-118.944
1.0135	445.857	-436.116	-117.684
1.0136	440.518	-430.815	-116.445
1.0137	435.269	-425.605	-115.226
1.0138	430.108	-420.482	-114.026
1.0139	425.033	-415.444	-112.846
1.014	420.043	-410.491	-111.685
1.0141	415.135	-405.62	-110.542
1.0142	410.308	-400.83	-109.417
1.0143	405.56	-396.118	-108.309
1.0144	400.889	-391.484	-107.22
1.0145	396.295	-386.925	-106.147
1.0146	391.774	-382.44	-105.09
1.0147	387.327	-378.027	-104.05
1.0148	382.95	-373.686	-103.026
1.0149	378.644	-369.414	-102.017
1.015	374.406	-365.21	-101.024
1.0151	370.235	-361.072	-100.046
1.0152	366.129	-357	-99.0824
1.0153	362.088	-352.992	-98.1334
1.0154	358.11	-349.047	-97.1984
1.0155	354.194	-345.164	-96.2774
1.0156	350.338	-341.34	-95.3699
1.0157	346.541	-337.576	-94.4758
1.0158	342.803	-333.87	-93.5947
1.0159	339.122	-330.22	-92.7265
1.016	335.497	-326.627	-91.8709
1.0161	331.926	-323.087	-91.0276
1.0162	328.41	-319.602	-90.1964
1.0163	324.946	-316.169	-89.377
1.0164	321.534	-312.787	-88.5694
1.0165	318.172	-309.456	-87.7732
1.0166	314.861	-306.174	-86.9882
1.0167	311.598	-302.941	-86.2142
1.0168	308.384	-299.756	-85.451
1.0169	305.216	-296.617	-84.6984
1.017	302.094	-293.525	-83.9563
1.0171	299.018	-290.477	-83.2244
1.0172	295.986	-287.474	-82.5025
1.0173	292.998	-284.514	-81.7905
1.0174	290.053	-281.597	-81.0882
1.0175	287.149	-278.722	-80.3954
1.0176	284.287	-275.887	-79.712
1.0177	281.466	-273.093	-79.0377
1.0178	278.684	-270.339	-78.3724
1.0179	275.942	-267.623	-77.716
1.018	273.237	-264.946	-77.0683
1.0181	270.571	-262.306	-76.4291
1.0182	267.941	-259.703	-75.7983
1.0183	265.348	-257.136	-75.1758
1.0184	262.79	-254.604	-74.5614
1.0185	260.268	-252.108	-73.955
1.0186	257.78	-249.645	-73.3564
1.0187	255.326	-247.217	-72.7655
1.0188	252.905	-244.821	-72.1821
1.0189	250.517	-242.458	-71.6062
1.019	248.161	-240.127	-71.0377
1.0191	245.836	-237.828	-70.4763
1.0192	243.543	-235.559	-69.922
1.0193	241.28	-233.32	-69.3746
1.0194	239.047	-231.111	-68.8341
1.0195	236.844	-228.932	-68.3003
1.0196	234.669	-226.781	-67.7731
1.0197	232.523	-224.659	-67.2524
1.0198	230.405	-222.565	-66.7381
1.0199	228.315	-220.498	-66.2301
1.02	226.251	-218.457	-65.7284
1.0201	224.215	-216.444	-65.2327
1.0202	222.204	-214.456	-64.7429
1.0203	220.219	-212.494	-64.2591
1.0204	218.26	-210.557	-63.7811
1.0205	216.325	-208.645	-63.3088
1.0206	214.415	-206.757	-62.8422
1.0207	212.529	-204.893	-62.381
1.0208	210.667	-203.053	-61.9253
1.0209	208.828	-201.236	-61.475
1.021	207.012	-199.442	-61.0299
1.0211	205.219	-197.67	-60.5901
1.0212	203.448	-195.921	-60.1553
1.0213	201.699	-194.193	-59.7256
1.0214	199.971	-192.486	-59.3008
1.0215	198.265	-190.801	-58.8809
1.0216	196.579	-189.136	-58.4658
1.0217	194.914	-187.491	-58.0555
1.0218	193.269	-185.867	-57.6498
1.0219	191.644	-184.263	-57.2487
1.022	190.039	-182.678	-56.8521
1.0221	188.453	-181.112	-56.46
1.0222	186.886	-179.565	-56.0722
1.0223	185.337	-178.036	-55.6888
1.0224	183.807	-176.526	-55.3096
1.0225	182.296	-175.034	-54.9347
1.0226	180.802	-173.559	-54.5638
1.0227	179.325	-172.102	-54.197
1.0228	177.866	-170.662	-53.8343
1.0229	176.424	-169.239	-53.4755
1.023	174.999	-167.833	-53.1205
1.0231	173.59	-166.443	-52.7695
1.0232	172.198	-165.07	-52.4222
1.0233	170.821	-163.712	-52.0786
1.0234	169.461	-162.37	-51.7387
1.0235	168.116	-161.043	-51.4024
1.0236	166.786	-159.732	-51.0697
1.0237	165.472	-158.436	-50.7405
1.0238	164.172	-157.154	-50.4148
1.0239	162.887	-155.888	-50.0925
1.024	161.617	-154.635	-49.7736
1.0241	160.361	-153.397	-49.458
1.0242	159.119	-152.172	-49.1456
1.0243	157.891	-150.962	-48.8365
1.0244	156.676	-149.765	-48.5306
1.0245	155.475	-148.581	-48.2279
1.0246	154.287	-147.41	-47.9282
1.0247	153.112	-146.253	-47.6316
1.0248	151.951	-145.108	-47.338
1.0249	150.801	-143.976	-47.0474
1.025	149.665	-142.856	-46.7597
1.0251	148.541	-141.748	-46.475
1.0252	147.429	-140.653	-46.193
1.0253	146.329	-139.57	-45.9139
1.0254	145.24	-138.498	-45.6376
1.0255	144.164	-137.438	-45.364
1.0256	143.099	-136.389	-45.0931
1.0257	142.045	-135.352	-44.8249
1.0258	141.003	-134.325	-44.5593
1.0259	139.972	-133.31	-44.2963
1.026	138.951	-132.305	-44.0359
1.0261	137.942	-131.311	-43.778
1.0262	136.943	-130.328	-43.5226
1.0263	135.954	-129.355	-43.2697
1.0264	134.976	-128.392	-43.0192
1.0265	134.008	-127.44	-42.7711
1.0266	133.05	-126.497	-42.5254
1.0267	132.101	-125.564	-42.282
1.0268	131.163	-124.641	-42.0409
1.0269	130.234	-123.727	-41.8021
1.027	129.315	-122.823	-41.5656
1.0271	128.405	-121.928	-41.3313
1.0272	127.505	-121.043	-41.0992
1.0273	126.614	-120.166	-40.8692
1.0274	125.731	-119.298	-40.6414
1.0275	124.858	-118.44	-40.4157
1.0276	123.993	-117.589	-40.1921
1.0277	123.137	-116.748	-39.9705
1.0278	122.29	-115.915	-39.751
1.0279	121.451	-115.09	-39.5335
1.028	120.621	-114.274	-39.3179
1.0281	119.798	-113.466	-39.1043
1.0282	118.984	-112.666	-38.8927
1.0283	118.178	-111.874	-38.683
1.0284	117.38	-111.089	-38.4751
1.0285	116.589	-110.313	-38.2692
1.0286	115.807	-109.544	-38.065
1.0287	115.032	-108.782	-37.8627
1.0288	114.264	-108.029	-37.6622
1.0289	113.504	-107.282	-37.4635
1.029	112.751	-106.543	-37.2665
1.0291	112.006	-105.811	-37.0712
1.0292	111.268	-105.086	-36.8777
1.0293	110.537	-104.368	-36.6859
1.0294	109.812	-103.657	-36.4957
1.0295	109.095	-102.953	-36.3072
1.0296	108.385	-102.255	-36.1203
1.0297	107.681	-101.565	-35.935
1.0298	106.984	-100.881	-35.7514
1.0299	106.293	-100.203	-35.5693
1.03	105.609	-99.5316	-35.3887
1.0301	104.932	-98.8667	-35.2097
1.0302	104.26	-98.2081	-35.0323
1.0303	103.595	-97.5557	-34.8563
1.0304	102.937	-96.9094	-34.6818
1.0305	102.284	-96.2691	-34.5088
1.0306	101.637	-95.6348	-34.3373
1.0307	100.997	-95.0064	-34.1671
1.0308	100.362	-94.3839	-33.9984
1.0309	99.7327	-93.7671	-33.8311
1.031	99.1094	-93.156	-33.6652
1.0311	98.4918	-92.5505	-33.5007
1.0312	97.8799	-91.9506	-33.3375
1.0313	97.2735	-91.3561	-33.1757
1.0314	96.6725	-90.7671	-33.0152
1.0315	96.077	-90.1835	-32.856
1.0316	95.4869	-89.6051	-32.6981
1.0317	94.9021	-89.032	-32.5415
1.0318	94.3224	-88.4641	-32.3861
1.0319	93.748	-87.9013	-32.232
1.032	93.1787	-87.3435	-32.0792
1.0321	92.6144	-86.7908	-31.9276
1.0322	92.0551	-86.2429	-31.7772
1.0323	91.5008	-85.7	-31.628
1.0324	90.9514	-85.1619	-31.4799
1.0325	90.4067	-84.6286	-31.3331
1.0326	89.8669	-84.1	-31.1874
1.0327	89.3318	-83.576	-31.0429
1.0328	88.8013	-83.0567	-30.8995
1.0329	88.2754	-82.5419	-30.7572
1.033	87.7541	-82.0316	-30.616
1.0331	87.2373	-81.5258	-30.476
1.0332	86.725	-81.0244	-30.337
1.0333	86.2171	-80.5274	-30.1991
1.0334	85.7135	-80.0346	-30.0623
1.0335	85.2143	-79.5461	-29.9265
1.0336	84.7193	-79.0619	-29.7918
1.0337	84.2285	-78.5818	-29.6581
1.0338	83.7419	-78.1058	-29.5254
1.0339	83.2594	-77.6339	-29.3937
1.034	82.781	-77.166	-29.2631
1.0341	82.3067	-76.7021	-29.1334
1.0342	81.8363	-76.2421	-29.0047
1.0343	81.3698	-75.7861	-28.877
1.0344	80.9073	-75.3339	-28.7502
1.0345	80.4486	-74.8855	-28.6244
1.0346	79.9938	-74.4409	-28.4995
1.0347	79.5427	-74	-28.3756
1.0348	79.0954	-73.5628	-28.2526
1.0349	78.6517	-73.1292	-28.1305
1.035	78.2117	-72.6993	-28.0093
1.0351	77.7753	-72.2729	-27.8889
1.0352	77.3426	-71.8501	-27.7695
1.0353	76.9133	-71.4307	-27.651
1.0354	76.4876	-71.0149	-27.5333
1.0355	76.0653	-70.6024	-27.4164
1.0356	75.6464	-70.1934	-27.3004
1.0357	75.231	-69.7876	-27.1853
1.0358	74.8188	-69.3852	-27.071
1.0359	74.4101	-68.9861	-26.9575
1.036	74.0046	-68.5902	-26.8448
1.0361	73.6023	-68.1976	-26.733
1.0362	73.2033	-67.8081	-26.6219
1.0363	72.8075	-67.4217	-26.5116
1.0364	72.4148	-67.0385	-26.4022
1.0365	72.0252	-66.6583	-26.2934
1.0366	71.6387	-66.2812	-26.1855
1.0367	71.2553	-65.9071	-26.0783
1.0368	70.8749	-65.536	-25.9719
1.0369	70.4975	-65.1678	-25.8662
1.037	70.1231	-64.8026	-25.7613
1.0371	69.7516	-64.4403	-25.6571
1.0372	69.383	-64.0808	-25.5536
1.0373	69.0172	-63.7242	-25.4508
1.0374	68.6544	-63.3703	-25.3488
1.0375	68.2943	-63.0193	-25.2474
1.0376	67.937	-62.6709	-25.1468
1.0377	67.5825	-62.3254	-25.0468
1.0378	67.2307	-61.9825	-24.9475
1.0379	66.8816	-61.6422	-24.8489
1.038	66.5352	-61.3046	-24.751
1.0381	66.1914	-60.9697	-24.6537
1.0382	65.8503	-60.6373	-24.5571
1.0383	65.5117	-60.3074	-24.4612
1.0384	65.1757	-59.9801	-24.3659
1.0385	64.8423	-59.6554	-24.2712
1.0386	64.5114	-59.3331	-24.1772
1.0387	64.183	-59.0132	-24.0838
1.0388	63.8571	-58.6958	-23.9911
1.0389	63.5336	-58.3808	-23.8989
1.039	63.2125	-58.0682	-23.8074
1.0391	62.8939	-57.758	-23.7164
1.0392	62.5776	-57.4501	-23.6261
1.0393	62.2636	-57.1445	-23.5364
1.0394	61.952	-56.8413	-23.4472
1.0395	61.6427	-56.5403	-23.3587
1.0396	61.3357	-56.2415	-23.2707
1.0397	61.031	-55.945	-23.1833
1.0398	60.7285	-55.6507	-23.0964
1.0399	60.4282	-55.3586	-23.0101
1.04	60.1301	-55.0686	-22.9244
1.0401	59.8342	-54.7808	-22.8393
1.0402	59.5405	-54.4951	-22.7546
1.0403	59.2489	-54.2115	-22.6706
1.0404	58.9594	-53.9301	-22.587
1.0405	58.672	-53.6506	-22.504
1.0406	58.3867	-53.3732	-22.4216
1.0407	58.1034	-53.0979	-22.3396
1.0408	57.8222	-52.8245	-22.2582
1.0409	57.543	-52.5532	-22.1773
1.041	57.2658	-52.2838	-22.0969
1.0411	56.9906	-52.0164	-22.017
1.0412	56.7173	-51.7509	-21.9376
1.0413	56.446	-51.4873	-21.8587
1.0414	56.1766	-51.2256	-21.7803
1.0415	55.9092	-50.9657	-21.7024
1.0416	55.6436	-50.7078	-21.625
1.0417	55.3799	-50.4517	-21.5481
1.0418	55.118	-50.1974	-21.4716
1.0419	54.858	-49.9449	-21.3956
1.042	54.5998	-49.6943	-21.3201
1.0421	54.3434	-49.4454	-21.245
1.0422	54.0888	-49.1982	-21.1704
1.0423	53.836	-48.9528	-21.0963
1.0424	53.5849	-48.7092	-21.0226
1.0425	53.3356	-48.4672	-20.9493
1.0426	53.088	-48.2269	-20.8765
1.0427	52.8421	-47.9884	-20.8042
1.0428	52.5979	-47.7515	-20.7323
1.0429	52.3554	-47.5162	-20.6608
1.043	52.1146	-47.2826	-20.5897
1.0431	51.8754	-47.0506	-20.5191
1.0432	51.6378	-46.8202	-20.4489
1.0433	51.4019	-46.5914	-20.3791
1.0434	51.1675	-46.3642	-20.3097
1.0435	50.9348	-46.1385	-20.2408
1.0436	50.7036	-45.9144	-20.1722
1.0437	50.474	-45.6919	-20.1041
1.0438	50.2459	-45.4708	-20.0364
1.0439	50.0194	-45.2513	-19.969
1.044	49.7944	-45.0332	-19.9021
1.0441	49.5709	-44.8167	-19.8355
1.0442	49.3489	-44.6016	-19.7694
1.0443	49.1284	-44.388	-19.7036
1.0444	48.9093	-44.1758	-19.6382
1.0445	48.6917	-43.965	-19.5732
1.0446	48.4756	-43.7557	-19.5086
1.0447	48.2609	-43.5478	-19.4443
1.0448	48.0476	-43.3413	-19.3804
1.0449	47.8357	-43.1361	-19.3169
1.045	47.6252	-42.9323	-19.2537
1.0451	47.4161	-42.7299	-19.191
1.0452	47.2084	-42.5288	-19.1285
1.0453	47.002	-42.3291	-19.0664
1.0454	46.7969	-42.1307	-19.0047
1.0455	46.5932	-41.9336	-18.9433
1.0456	46.3909	-41.7378	-18.8823
1.0457	46.1898	-41.5433	-18.8216
1.0458	45.99	-41.35	-18.7613
1.0459	45.7916	-41.1581	-18.7013
1.046	45.5944	-40.9674	-18.6417
1.0461	45.3985	-40.7779	-18.5823
1.0462	45.2038	-40.5897	-18.5233
1.0463	45.0104	-40.4027	-18.4647
1.0464	44.8182	-40.2169	-18.4063
1.0465	44.6273	-40.0323	-18.3483
1.0466	44.4376	-39.8489	-18.2906
1.0467	44.249	-39.6667	-18.2333
1.0468	44.0617	-39.4857	-18.1762
1.0469	43.8756	-39.3058	-18.1195
1.047	43.6906	-39.1271	-18.063
1.0471	43.5068	-38.9496	-18.0069
1.0472	43.3242	-38.7732	-17.9511
1.0473	43.1427	-38.5979	-17.8956
1.0474	42.9623	-38.4237	-17.8404
1.0475	42.7831	-38.2506	-17.7855
1.0476	42.605	-38.0786	-17.7309
1.0477	42.428	-37.9078	-17.6766
1.0478	42.2521	-37.738	-17.6225
1.0479	42.0773	-37.5692	-17.5688
1.048	41.9036	-37.4016	-17.5154
1.0481	41.731	-37.2349	-17.4622
1.0482	41.5594	-37.0694	-17.4094
1.0483	41.3889	-36.9048	-17.3568
1.0484	41.2195	-36.7413	-17.3045
1.0485	41.051	-36.5789	-17.2524
1.0486	40.8836	-36.4174	-17.2007
1.0487	40.7173	-36.2569	-17.1492
1.0488	40.5519	-36.0975	-17.098
1.0489	40.3876	-35.939	-17.0471
1.049	40.2242	-35.7815	-16.9964
1.0491	40.0619	-35.625	-16.946
1.0492	39.9005	-35.4694	-16.8959
1.0493	39.7401	-35.3148	-16.846
1.0494	39.5807	-35.1611	-16.7964
1.0495	39.4222	-35.0084	-16.747
1.0496	39.2647	-34.8566	-16.698
1.0497	39.1082	-34.7058	-16.6491
1.0498	38.9526	-34.5558	-16.6005
1.0499	38.7979	-34.4068	-16.5522
1.05	38.6441	-34.2587	-16.5041
1.0501	38.4912	-34.1115	-16.4563
1.0502	38.3393	-33.9651	-16.4087
1.0503	38.1882	-33.8197	-16.3613
1.0504	38.0381	-33.6751	-16.3142
1.0505	37.8888	-33.5314	-16.2673
1.0506	37.7404	-33.3886	-16.2207
1.0507	37.5929	-33.2466	-16.1743
1.0508	37.4463	-33.1055	-16.1282
1.0509	37.3005	-32.9652	-16.0822
1.051	37.1556	-32.8257	-16.0365
1.0511	37.0115	-32.6871	-15.9911
1.0512	36.8683	-32.5493	-15.9458
1.0513	36.7259	-32.4123	-15.9008
1.0514	36.5843	-32.2761	-15.8561
1.0515	36.4436	-32.1408	-15.8115
1.0516	36.3036	-32.0062	-15.7672
1.0517	36.1645	-31.8724	-15.7231
1.0518	36.0262	-31.7394	-15.6792
1.0519	35.8887	-31.6072	-15.6355
1.052	35.7519	-31.4758	-15.592
1.0521	35.616	-31.3451	-15.5488
1.0522	35.4808	-31.2152	-15.5057
1.0523	35.3464	-31.086	-15.4629
1.0524	35.2128	-30.9576	-15.4203
1.0525	35.0799	-30.83	-15.3779
1.0526	34.9478	-30.7031	-15.3357
1.0527	34.8164	-30.5769	-15.2937
1.0528	34.6858	-30.4514	-15.252
1.0529	34.5559	-30.3267	-15.2104
1.053	34.4268	-30.2027	-15.169
1.0531	34.2984	-30.0794	-15.1278
1.0532	34.1707	-29.9568	-15.0868
1.0533	34.0437	-29.8349	-15.0461
1.0534	33.9175	-29.7137	-15.0055
1.0535	33.7919	-29.5932	-14.9651
1.0536	33.6671	-29.4734	-14.9249
1.0537	33.5429	-29.3543	-14.8849
1.0538	33.4194	-29.2358	-14.8451
1.0539	33.2967	-29.118	-14.8055
1.054	33.1746	-29.0009	-14.766
1.0541	33.0531	-28.8845	-14.7268
1.0542	32.9324	-28.7687	-14.6877
1.0543	32.8123	-28.6535	-14.6488
1.0544	32.6929	-28.539	-14.6102
1.0545	32.5741	-28.4251	-14.5716
1.0546	32.456	-28.3119	-14.5333
1.0547	32.3386	-28.1993	-14.4952
1.0548	32.2217	-28.0874	-14.4572
1.0549	32.1056	-27.976	-14.4194
1.055	31.99	-27.8653	-14.3818
1.0551	31.8751	-27.7552	-14.3444
1.0552	31.7608	-27.6457	-14.3071
1.0553	31.6471	-27.5368	-14.27
1.0554	31.5341	-27.4285	-14.2331
1.0555	31.4216	-27.3208	-14.1963
1.0556	31.3098	-27.2137	-14.1597
1.0557	31.1985	-27.1072	-14.1233
1.0558	31.0879	-27.0013	-14.0871
1.0559	30.9779	-26.896	-14.051
1.056	30.8684	-26.7912	-14.0151
1.0561	30.7595	-26.687	-13.9794
1.0562	30.6512	-26.5834	-13.9438
1.0563	30.5435	-26.4803	-13.9084
1.0564	30.4364	-26.3778	-13.8731
1.0565	30.3298	-26.2758	-13.838
1.0566	30.2238	-26.1744	-13.803
1.0567	30.1184	-26.0736	-13.7683
1.0568	30.0135	-25.9733	-13.7336
1.0569	29.9092	-25.8735	-13.6992
1.057	29.8054	-25.7743	-13.6648
1.0571	29.7022	-25.6756	-13.6307
1.0572	29.5995	-25.5774	-13.5967
1.0573	29.4973	-25.4798	-13.5628
1.0574	29.3957	-25.3827	-13.5291
1.0575	29.2946	-25.2861	-13.4956
1.0576	29.1941	-25.19	-13.4622
1.0577	29.0941	-25.0944	-13.4289
1.0578	28.9945	-24.9993	-13.3958
1.0579	28.8955	-24.9048	-13.3628
1.058	28.7971	-24.8107	-13.33
1.0581	28.6991	-24.7171	-13.2973
1.0582	28.6016	-24.6241	-13.2648
1.0583	28.5047	-24.5315	-13.2324
1.0584	28.4082	-24.4394	-13.2002
1.0585	28.3122	-24.3478	-13.1681
1.0586	28.2168	-24.2566	-13.1361
1.0587	28.1218	-24.166	-13.1043
1.0588	28.0273	-24.0758	-13.0726
1.0589	27.9333	-23.9861	-13.0411
1.059	27.8397	-23.8968	-13.0096
1.0591	27.7467	-23.8081	-12.9784
1.0592	27.6541	-23.7197	-12.9472
1.0593	27.5619	-23.6319	-12.9162
1.0594	27.4703	-23.5445	-12.8854
1.0595	27.3791	-23.4575	-12.8546
1.0596	27.2884	-23.371	-12.824
1.0597	27.1981	-23.2849	-12.7935
1.0598	27.1083	-23.1993	-12.7632
1.0599	27.0189	-23.1142	-12.733
1.06	26.93	-23.0294	-12.7029
1.0601	26.8415	-22.9451	-12.6729
1.0602	26.7535	-22.8612	-12.6431
1.0603	26.6659	-22.7778	-12.6134
1.0604	26.5788	-22.6948	-12.5838
1.0605	26.492	-22.6121	-12.5544
1.0606	26.4058	-22.53	-12.525
1.0607	26.3199	-22.4482	-12.4958
1.0608	26.2345	-22.3669	-12.4668
1.0609	26.1495	-22.2859	-12.4378
1.061	26.0649	-22.2054	-12.409
1.0611	25.9807	-22.1253	-12.3802
1.0612	25.8969	-22.0455	-12.3516
1.0613	25.8136	-21.9662	-12.3232
1.0614	25.7306	-21.8873	-12.2948
1.0615	25.6481	-21.8088	-12.2665
1.0616	25.566	-21.7306	-12.2384
1.0617	25.4842	-21.6529	-12.2104
1.0618	25.4029	-21.5755	-12.1825
1.0619	25.322	-21.4985	-12.1547
1.062	25.2414	-21.422	-12.1271
1.0621	25.1613	-21.3458	-12.0995
1.0622	25.0815	-21.2699	-12.0721
1.0623	25.0021	-21.1945	-12.0448
1.0624	24.9232	-21.1194	-12.0175
1.0625	24.8445	-21.0447	-11.9904
1.0626	24.7663	-20.9703	-11.9635
1.0627	24.6885	-20.8963	-11.9366
1.0628	24.611	-20.8227	-11.9098
1.0629	24.5339	-20.7495	-11.8831
1.063	24.4571	-20.6766	-11.8566
1.0631	24.3807	-20.604	-11.8301
1.0632	24.3047	-20.5319	-11.8038
1.0633	24.2291	-20.46	-11.7776
1.0634	24.1538	-20.3885	-11.7514
1.0635	24.0789	-20.3174	-11.7254
1.0636	24.0043	-20.2466	-11.6995
1.0637	23.9301	-20.1762	-11.6737
1.0638	23.8562	-20.1061	-11.6479
1.0639	23.7827	-20.0363	-11.6223
1.064	23.7095	-19.9669	-11.5968
1.0641	23.6366	-19.8978	-11.5714
1.0642	23.5642	-19.829	-11.5461
1.0643	23.492	-19.7606	-11.5209
1.0644	23.4202	-19.6925	-11.4958
1.0645	23.3487	-19.6247	-11.4708
1.0646	23.2776	-19.5572	-11.4459
1.0647	23.2068	-19.4901	-11.4211
1.0648	23.1363	-19.4233	-11.3964
1.0649	23.0661	-19.3568	-11.3717
1.065	22.9963	-19.2906	-11.3472
1.0651	22.9268	-19.2247	-11.3228
1.0652	22.8576	-19.1592	-11.2985
1.0653	22.7887	-19.0939	-11.2742
1.0654	22.7202	-19.029	-11.2501
1.0655	22.652	-18.9644	-11.2261
1.0656	22.5841	-18.9001	-11.2021
1.0657	22.5164	-18.836	-11.1782
1.0658	22.4492	-18.7723	-11.1545
1.0659	22.3822	-18.7089	-11.1308
1.066	22.3155	-18.6458	-11.1072
1.0661	22.2491	-18.5829	-11.0837
1.0662	22.183	-18.5204	-11.0603
1.0663	22.1173	-18.4582	-11.037
1.0664	22.0518	-18.3962	-11.0138
1.0665	21.9866	-18.3346	-10.9907
1.0666	21.9217	-18.2732	-10.9676
1.0667	21.8572	-18.2121	-10.9447
1.0668	21.7929	-18.1513	-10.9218
1.0669	21.7289	-18.0908	-10.899
1.067	21.6651	-18.0305	-10.8763
1.0671	21.6017	-17.9705	-10.8537
1.0672	21.5386	-17.9108	-10.8312
1.0673	21.4757	-17.8514	-10.8087
1.0674	21.4131	-17.7923	-10.7864
1.0675	21.3508	-17.7334	-10.7641
1.0676	21.2888	-17.6748	-10.7419
1.0677	21.2271	-17.6165	-10.7198
1.0678	21.1656	-17.5584	-10.6978
1.0679	21.1044	-17.5006	-10.6758
1.068	21.0435	-17.443	-10.654
1.0681	20.9828	-17.3858	-10.6322
1.0682	20.9224	-17.3287	-10.6105
1.0683	20.8623	-17.272	-10.5889
1.0684	20.8025	-17.2155	-10.5674
1.0685	20.7429	-17.1592	-10.5459
1.0686	20.6835	-17.1032	-10.5245
1.0687	20.6245	-17.0475	-10.5033
1.0688	20.5657	-16.992	-10.482
1.0689	20.5071	-16.9368	-10.4609
1.069	20.4488	-16.8818	-10.4398
1.0691	20.3908	-16.827	-10.4189
1.0692	20.333	-16.7725	-10.3979
1.0693	20.2755	-16.7183	-10.3771
1.0694	20.2182	-16.6643	-10.3564
1.0695	20.1612	-16.6105	-10.3357
1.0696	20.1044	-16.557	-10.3151
1.0697	20.0478	-16.5037	-10.2946
1.0698	19.9915	-16.4506	-10.2741
1.0699	19.9355	-16.3978	-10.2537
1.07	19.8797	-16.3452	-10.2334
1.0701	19.8241	-16.2928	-10.2132
1.0702	19.7688	-16.2407	-10.193
1.0703	19.7137	-16.1888	-10.173
1.0704	19.6588	-16.1371	-10.1529
1.0705	19.6042	-16.0857	-10.133
1.0706	19.5498	-16.0345	-10.1131
1.0707	19.4957	-15.9835	-10.0933
1.0708	19.4418	-15.9327	-10.0736
1.0709	19.3881	-15.8822	-10.054
1.071	19.3346	-15.8319	-10.0344
1.0711	19.2814	-15.7818	-10.0149
1.0712	19.2284	-15.7319	-9.99541
1.0713	19.1756	-15.6822	-9.97603
1.0714	19.123	-15.6328	-9.95672
1.0715	19.0707	-15.5836	-9.93748
1.0716	19.0185	-15.5345	-9.91831
1.0717	18.9666	-15.4857	-9.89921
1.0718	18.915	-15.4371	-9.88017
1.0719	18.8635	-15.3887	-9.8612
1.072	18.8122	-15.3406	-9.8423
1.0721	18.7612	-15.2926	-9.82346
1.0722	18.7104	-15.2448	-9.80469
1.0723	18.6598	-15.1973	-9.78599
1.0724	18.6094	-15.1499	-9.76735
1.0725	18.5592	-15.1028	-9.74878
1.0726	18.5092	-15.0558	-9.73027
1.0727	18.4595	-15.0091	-9.71183
1.0728	18.4099	-14.9625	-9.69345
1.0729	18.3605	-14.9162	-9.67513
1.073	18.3114	-14.87	-9.65688
1.0731	18.2624	-14.8241	-9.63869
1.0732	18.2137	-14.7783	-9.62056
1.0733	18.1651	-14.7327	-9.6025
1.0734	18.1168	-14.6874	-9.5845
1.0735	18.0686	-14.6422	-9.56656
1.0736	18.0207	-14.5972	-9.54868
1.0737	17.9729	-14.5524	-9.53086
1.0738	17.9254	-14.5078	-9.51311
1.0739	17.878	-14.4633	-9.49541
1.074	17.8309	-14.4191	-9.47778
1.0741	17.7839	-14.3751	-9.4602
1.0742	17.7371	-14.3312	-9.44269
1.0743	17.6905	-14.2875	-9.42524
1.0744	17.6441	-14.244	-9.40784
1.0745	17.5979	-14.2007	-9.39051
1.0746	17.5518	-14.1575	-9.37323
1.0747	17.506	-14.1146	-9.35601
1.0748	17.4603	-14.0718	-9.33885
1.0749	17.4149	-14.0292	-9.32175
1.075	17.3696	-13.9868	-9.3047
1.0751	17.3245	-13.9445	-9.28772
1.0752	17.2795	-13.9024	-9.27079
1.0753	17.2348	-13.8605	-9.25391
1.0754	17.1902	-13.8188	-9.2371
1.0755	17.1458	-13.7773	-9.22034
1.0756	17.1016	-13.7359	-9.20363
1.0757	17.0576	-13.6947	-9.18698
1.0758	17.0137	-13.6536	-9.17039
1.0759	16.97	-13.6127	-9.15385
1.076	16.9265	-13.572	-9.13737
1.0761	16.8832	-13.5315	-9.12094
1.0762	16.84	-13.4911	-9.10457
1.0763	16.797	-13.4509	-9.08825
1.0764	16.7542	-13.4108	-9.07198
1.0765	16.7116	-13.371	-9.05577
1.0766	16.6691	-13.3312	-9.03961
1.0767	16.6267	-13.2917	-9.02351
1.0768	16.5846	-13.2523	-9.00746
1.0769	16.5426	-13.213	-8.99146
1.077	16.5008	-13.1739	-8.97551
1.0771	16.4591	-13.135	-8.95962
1.0772	16.4176	-13.0963	-8.94377
1.0773	16.3763	-13.0576	-8.92798
1.0774	16.3351	-13.0192	-8.91224
1.0775	16.2941	-12.9809	-8.89655
1.0776	16.2533	-12.9427	-8.88092
1.0777	16.2126	-12.9047	-8.86533
1.0778	16.172	-12.8669	-8.8498
1.0779	16.1317	-12.8292	-8.83431
1.078	16.0914	-12.7917	-8.81888
1.0781	16.0514	-12.7543	-8.80349
1.0782	16.0115	-12.717	-8.78815
1.0783	15.9717	-12.6799	-8.77287
1.0784	15.9321	-12.643	-8.75763
1.0785	15.8927	-12.6062	-8.74244
1.0786	15.8534	-12.5695	-8.7273
1.0787	15.8142	-12.533	-8.71221
1.0788	15.7752	-12.4967	-8.69717
1.0789	15.7364	-12.4605	-8.68218
1.079	15.6977	-12.4244	-8.66723
1.0791	15.6591	-12.3884	-8.65233
1.0792	15.6207	-12.3527	-8.63748
1.0793	15.5825	-12.317	-8.62268
1.0794	15.5444	-12.2815	-8.60792
1.0795	15.5064	-12.2461	-8.59321
1.0796	15.4686	-12.2109	-8.57854
1.0797	15.4309	-12.1758	-8.56393
1.0798	15.3934	-12.1408	-8.54936
1.0799	15.356	-12.106	-8.53483
1.08	15.3187	-12.0713	-8.52035
1.0801	15.2816	-12.0368	-8.50592
1.0802	15.2446	-12.0024	-8.49153
1.0803	15.2078	-11.9681	-8.47719
1.0804	15.1711	-11.9339	-8.46289
1.0805	15.1345	-11.8999	-8.44863
1.0806	15.0981	-11.866	-8.43442
1.0807	15.0618	-11.8323	-8.42026
1.0808	15.0257	-11.7987	-8.40614
1.0809	14.9897	-11.7652	-8.39206
1.081	14.9538	-11.7318	-8.37803
1.0811	14.9181	-11.6986	-8.36404
1.0812	14.8825	-11.6655	-8.35009
1.0813	14.847	-11.6325	-8.33619
1.0814	14.8116	-11.5996	-8.32233
1.0815	14.7764	-11.5669	-8.30852
1.0816	14.7413	-11.5343	-8.29474
1.0817	14.7064	-11.5018	-8.28101
1.0818	14.6716	-11.4695	-8.26732
1.0819	14.6369	-11.4372	-8.25367
1.082	14.6023	-11.4051	-8.24007
1.0821	14.5678	-11.3731	-8.2265
1.0822	14.5335	-11.3413	-8.21298
1.0823	14.4993	-11.3095	-8.1995
1.0824	14.4653	-11.2779	-8.18606
1.0825	14.4313	-11.2464	-8.17266
1.0826	14.3975	-11.215	-8.1593
1.0827	14.3638	-11.1837	-8.14599
1.0828	14.3303	-11.1526	-8.13271
1.0829	14.2968	-11.1216	-8.11947
1.083	14.2635	-11.0907	-8.10628
1.0831	14.2303	-11.0599	-8.09312
1.0832	14.1972	-11.0292	-8.08001
1.0833	14.1643	-10.9986	-8.06693
1.0834	14.1314	-10.9682	-8.05389
1.0835	14.0987	-10.9378	-8.04089
1.0836	14.0661	-10.9076	-8.02793
1.0837	14.0336	-10.8775	-8.01501
1.0838	14.0012	-10.8475	-8.00213
1.0839	13.969	-10.8176	-7.98929
1.084	13.9369	-10.7878	-7.97648
1.0841	13.9048	-10.7582	-7.96372
1.0842	13.8729	-10.7286	-7.95099
1.0843	13.8411	-10.6992	-7.9383
1.0844	13.8095	-10.6698	-7.92565
1.0845	13.7779	-10.6406	-7.91303
1.0846	13.7464	-10.6115	-7.90046
1.0847	13.7151	-10.5825	-7.88792
1.0848	13.6839	-10.5536	-7.87541
1.0849	13.6528	-10.5248	-7.86295
1.085	13.6218	-10.4961	-7.85052
1.0851	13.5909	-10.4675	-7.83813
1.0852	13.5601	-10.439	-7.82577
1.0853	13.5294	-10.4106	-7.81345
1.0854	13.4988	-10.3824	-7.80117
1.0855	13.4684	-10.3542	-7.78892
1.0856	13.438	-10.3261	-7.77671
1.0857	13.4078	-10.2982	-7.76454
1.0858	13.3776	-10.2703	-7.7524
1.0859	13.3476	-10.2425	-7.74029
1.086	13.3177	-10.2149	-7.72823
1.0861	13.2878	-10.1873	-7.71619
1.0862	13.2581	-10.1599	-7.70419
1.0863	13.2285	-10.1325	-7.69223
1.0864	13.199	-10.1052	-7.6803
1.0865	13.1696	-10.0781	-7.66841
1.0866	13.1403	-10.051	-7.65655
1.0867	13.1111	-10.0241	-7.64472
1.0868	13.082	-9.99719	-7.63293
1.0869	13.053	-9.97042	-7.62118
1.087	13.0241	-9.94374	-7.60945
1.0871	12.9953	-9.91716	-7.59776
1.0872	12.9666	-9.89068	-7.58611
1.0873	12.938	-9.86429	-7.57449
1.0874	12.9095	-9.838	-7.5629
1.0875	12.8811	-9.8118	-7.55134
1.0876	12.8528	-9.78569	-7.53982
1.0877	12.8246	-9.75968	-7.52833
1.0878	12.7965	-9.73376	-7.51687
1.0879	12.7685	-9.70793	-7.50545
1.088	12.7406	-9.6822	-7.49406
1.0881	12.7127	-9.65655	-7.4827
1.0882	12.685	-9.631	-7.47137
1.0883	12.6574	-9.60554	-7.46008
1.0884	12.6298	-9.58017	-7.44882
1.0885	12.6024	-9.55488	-7.43759
1.0886	12.5751	-9.52969	-7.42639
1.0887	12.5478	-9.50459	-7.41522
1.0888	12.5206	-9.47957	-7.40408
1.0889	12.4936	-9.45464	-7.39298
1.089	12.4666	-9.42981	-7.38191
1.0891	12.4397	-9.40505	-7.37087
1.0892	12.4129	-9.38039	-7.35986
1.0893	12.3862	-9.35581	-7.34888
1.0894	12.3596	-9.33132	-7.33793
1.0895	12.3331	-9.30691	-7.32701
1.0896	12.3066	-9.28259	-7.31612
1.0897	12.2803	-9.25836	-7.30526
1.0898	12.254	-9.2342	-7.29444
1.0899	12.2279	-9.21014	-7.28364
1.09	12.2018	-9.18615	-7.27287
1.0901	12.1758	-9.16225	-7.26214
1.0902	12.1499	-9.13844	-7.25143
1.0903	12.1241	-9.1147	-7.24075
1.0904	12.0983	-9.09105	-7.2301
1.0905	12.0727	-9.06748	-7.21949
1.0906	12.0471	-9.04399	-7.2089
1.0907	12.0217	-9.02059	-7.19834
1.0908	11.9963	-8.99726	-7.18781
1.0909	11.971	-8.97402	-7.17731
1.091	11.9457	-8.95085	-7.16683
1.0911	11.9206	-8.92777	-7.15639
1.0912	11.8955	-8.90476	-7.14598
1.0913	11.8706	-8.88183	-7.13559
1.0914	11.8457	-8.85898	-7.12523
1.0915	11.8209	-8.83621	-7.1149
1.0916	11.7961	-8.81352	-7.1046
1.0917	11.7715	-8.79091	-7.09433
1.0918	11.7469	-8.76837	-7.08408
1.0919	11.7224	-8.74591	-7.07386
1.092	11.698	-8.72353	-7.06367
1.0921	11.6737	-8.70122	-7.05351
1.0922	11.6495	-8.67899	-7.04338
1.0923	11.6253	-8.65683	-7.03327
1.0924	11.6012	-8.63475	-7.02319
1.0925	11.5772	-8.61275	-7.01314
1.0926	11.5533	-8.59082	-7.00311
1.0927	11.5294	-8.56896	-6.99312
1.0928	11.5057	-8.54718	-6.98315
1.0929	11.482	-8.52547	-6.9732
1.093	11.4584	-8.50383	-6.96328
1.0931	11.4348	-8.48227	-6.95339
1.0932	11.4114	-8.46078	-6.94353
1.0933	11.388	-8.43936	-6.93369
1.0934	11.3646	-8.41801	-6.92388
1.0935	11.3414	-8.39674	-6.91409
1.0936	11.3182	-8.37554	-6.90434
1.0937	11.2952	-8.35441	-6.8946
1.0938	11.2721	-8.33335	-6.8849
1.0939	11.2492	-8.31235	-6.87521
1.094	11.2263	-8.29143	-6.86556
1.0941	11.2035	-8.27058	-6.85593
1.0942	11.1808	-8.2498	-6.84632
1.0943	11.1582	-8.22909	-6.83675
1.0944	11.1356	-8.20845	-6.82719
1.0945	11.1131	-8.18787	-6.81766
1.0946	11.0907	-8.16737	-6.80816
1.0947	11.0683	-8.14693	-6.79868
1.0948	11.046	-8.12656	-6.78923
1.0949	11.0238	-8.10626	-6.7798
1.095	11.0017	-8.08602	-6.7704
1.0951	10.9796	-8.06585	-6.76102
1.0952	10.9576	-8.04575	-6.75167
1.0953	10.9356	-8.02571	-6.74234
1.0954	10.9138	-8.00574	-6.73303
1.0955	10.892	-7.98584	-6.72375
1.0956	10.8702	-7.966	-6.7145
1.0957	10.8486	-7.94623	-6.70526
1.0958	10.827	-7.92652	-6.69606
1.0959	10.8055	-7.90687	-6.68687
1.096	10.784	-7.88729	-6.67771
1.0961	10.7626	-7.86778	-6.66858
1.0962	10.7413	-7.84833	-6.65946
1.0963	10.7201	-7.82894	-6.65037
1.0964	10.6989	-7.80961	-6.64131
1.0965	10.6777	-7.79035	-6.63227
1.0966	10.6567	-7.77115	-6.62325
1.0967	10.6357	-7.75201	-6.61425
1.0968	10.6148	-7.73294	-6.60528
1.0969	10.5939	-7.71393	-6.59633
1.097	10.5731	-7.69497	-6.58741
1.0971	10.5524	-7.67608	-6.5785
1.0972	10.5317	-7.65726	-6.56962
1.0973	10.5111	-7.63849	-6.56077
1.0974	10.4906	-7.61978	-6.55193
1.0975	10.4701	-7.60113	-6.54312
1.0976	10.4497	-7.58255	-6.53433
1.0977	10.4293	-7.56402	-6.52556
1.0978	10.4091	-7.54555	-6.51682
1.0979	10.3888	-7.52714	-6.5081
1.098	10.3687	-7.50879	-6.4994
1.0981	10.3486	-7.4905	-6.49072
1.0982	10.3285	-7.47227	-6.48206
1.0983	10.3086	-7.4541	-6.47343
1.0984	10.2887	-7.43598	-6.46482
1.0985	10.2688	-7.41792	-6.45623
1.0986	10.249	-7.39992	-6.44766
1.0987	10.2293	-7.38198	-6.43911
1.0988	10.2096	-7.3641	-6.43058
1.0989	10.19	-7.34627	-6.42208
1.099	10.1705	-7.3285	-6.4136
1.0991	10.151	-7.31078	-6.40514
1.0992	10.1315	-7.29312	-6.3967
1.0993	10.1122	-7.27552	-6.38828
1.0994	10.0928	-7.25797	-6.37988
1.0995	10.0736	-7.24048	-6.37151
1.0996	10.0544	-7.22304	-6.36315
1.0997	10.0352	-7.20566	-6.35482
1.0998	10.0162	-7.18833	-6.3465
1.0999	9.99714	-7.17106	-6.33821
