1	0	336.501	0
1.0001	8.05384e+006	-8.05362e+006	-225035
1.0002	3.37434e+006	-3.37417e+006	-98959.3
1.0003	1.76322e+006	-1.76309e+006	-54650.1
1.0004	1.05339e+006	-1.05327e+006	-34625.1
1.0005	688389	-688291	-24017.6
1.0006	479679	-479592	-17747.7
1.0007	350708	-350629	-13732.6
1.0008	266151	-266078	-11000.4
1.0009	208065	-207998	-9050.95
1.001	166631	-166569	-7606.48
1.0011	136142	-136083	-6502.94
1.0012	113115	-113060	-5638.35
1.0013	95335.5	-95283.3	-4946.6
1.0014	81344.5	-81294.9	-4383.23
1.0015	70152	-70104.7	-3917.4
1.0016	61068.4	-61023.1	-3527.16
1.0017	53602.1	-53558.6	-3196.51
1.0018	47395.6	-47353.7	-2913.52
1.0019	42184.1	-42143.8	-2669.17
1.002	37768.4	-37729.4	-2456.52
1.0021	33996.2	-33958.5	-2270.13
1.0022	30749.9	-30713.3	-2105.73
1.0023	27937.1	-27901.6	-1959.86
1.0024	25484.9	-25450.5	-1829.76
1.0025	23334.9	-23301.4	-1713.17
1.0026	21440.1	-21407.4	-1608.21
1.0027	19761.9	-19730.1	-1513.33
1.0028	18269.1	-18238.1	-1427.25
1.0029	16935.6	-16905.3	-1348.87
1.003	15739.8	-15710.2	-1277.28
1.0031	14663.5	-14634.5	-1211.68
1.0032	13691.6	-13663.2	-1151.4
1.0033	12811.1	-12783.3	-1095.86
1.0034	12011	-11983.8	-1044.56
1.0035	11282	-11255.4	-997.072
1.0036	10616	-10589.9	-953.006
1.0037	10006	-9980.34	-912.033
1.0038	9445.96	-9420.76	-873.86
1.0039	8930.65	-8905.89	-838.229
1.004	8455.48	-8431.15	-804.912
1.0041	8016.43	-7992.51	-773.705
1.0042	7609.99	-7586.45	-744.428
1.0043	7233.03	-7209.86	-716.919
1.0044	6882.8	-6859.99	-691.034
1.0045	6556.87	-6534.41	-666.643
1.0046	6253.06	-6230.93	-643.63
1.0047	5969.44	-5947.63	-621.888
1.0048	5704.27	-5682.78	-601.323
1.0049	5456.02	-5434.83	-581.847
1.005	5223.29	-5202.39	-563.384
1.0051	5004.83	-4984.2	-545.861
1.0052	4799.5	-4779.15	-529.213
1.0053	4606.29	-4586.2	-513.381
1.0054	4424.28	-4404.44	-498.311
1.0055	4252.61	-4233.02	-483.952
1.0056	4090.55	-4071.19	-470.26
1.0057	3937.38	-3918.26	-457.191
1.0058	3792.48	-3773.58	-444.707
1.0059	3655.26	-3636.59	-432.773
1.006	3525.21	-3506.75	-421.356
1.0061	3401.84	-3383.58	-410.424
1.0062	3284.7	-3266.64	-399.95
1.0063	3173.38	-3155.52	-389.909
1.0064	3067.52	-3049.85	-380.274
1.0065	2966.75	-2949.27	-371.025
1.0066	2870.78	-2853.47	-362.139
1.0067	2779.29	-2762.16	-353.598
1.0068	2692.01	-2675.06	-345.382
1.0069	2608.71	-2591.92	-337.476
1.007	2529.13	-2512.51	-329.864
1.0071	2453.07	-2436.6	-322.529
1.0072	2380.32	-2364.01	-315.459
1.0073	2310.7	-2294.54	-308.64
1.0074	2244.02	-2228.01	-302.061
1.0075	2180.14	-2164.27	-295.709
1.0076	2118.89	-2103.17	-289.574
1.0077	2060.13	-2044.55	-283.646
1.0078	2003.74	-1988.3	-277.915
1.0079	1949.59	-1934.28	-272.373
1.008	1897.56	-1882.38	-267.01
1.0081	1847.55	-1832.49	-261.819
1.0082	1799.45	-1784.52	-256.792
1.0083	1753.17	-1738.36	-251.923
1.0084	1708.62	-1693.93	-247.204
1.0085	1665.71	-1651.14	-242.629
1.0086	1624.37	-1609.91	-238.191
1.0087	1584.52	-1570.18	-233.887
1.0088	1546.09	-1531.86	-229.709
1.0089	1509.01	-1494.89	-225.653
1.009	1473.23	-1459.22	-221.713
1.0091	1438.68	-1424.78	-217.886
1.0092	1405.32	-1391.51	-214.167
1.0093	1373.07	-1359.37	-210.552
1.0094	1341.91	-1328.3	-207.036
1.0095	1311.77	-1298.26	-203.616
1.0096	1282.62	-1269.21	-200.289
1.0097	1254.41	-1241.1	-197.05
1.0098	1227.11	-1213.89	-193.898
1.0099	1200.67	-1187.54	-190.828
1.01	1175.07	-1162.02	-187.837
1.0101	1150.25	-1137.3	-184.923
1.0102	1126.21	-1113.33	-182.083
1.0103	1102.89	-1090.1	-179.315
1.0104	1080.28	-1067.58	-176.615
1.0105	1058.34	-1045.72	-173.983
1.0106	1037.06	-1024.52	-171.414
1.0107	1016.4	-1003.94	-168.908
1.0108	996.337	-983.956	-166.462
1.0109	976.854	-964.551	-164.074
1.011	957.928	-945.7	-161.742
1.0111	939.537	-927.384	-159.465
1.0112	921.661	-909.582	-157.241
1.0113	904.283	-892.276	-155.067
1.0114	887.382	-875.448	-152.943
1.0115	870.943	-859.079	-150.866
1.0116	854.95	-843.155	-148.836
1.0117	839.385	-827.659	-146.851
1.0118	824.234	-812.576	-144.91
1.0119	809.484	-797.892	-143.01
1.012	795.119	-783.592	-141.152
1.0121	781.127	-769.665	-139.333
1.0122	767.494	-756.097	-137.553
1.0123	754.21	-742.876	-135.811
1.0124	741.263	-729.99	-134.105
1.0125	728.64	-717.429	-132.434
1.0126	716.332	-705.181	-130.798
1.0127	704.328	-693.237	-129.194
1.0128	692.619	-681.586	-127.624
1.0129	681.195	-670.22	-126.084
1.013	670.046	-659.129	-124.576
1.0131	659.165	-648.304	-123.097
1.0132	648.542	-637.738	-121.647
1.0133	638.171	-627.421	-120.226
1.0134	628.042	-617.347	-118.831
1.0135	618.148	-607.507	-117.464
1.0136	608.484	-597.895	-116.123
1.0137	599.04	-588.504	-114.806
1.0138	589.812	-579.328	-113.515
1.0139	580.791	-570.359	-112.248
1.014	571.973	-561.591	-111.004
1.0141	563.352	-553.02	-109.782
1.0142	554.921	-544.638	-108.583
1.0143	546.675	-536.441	-107.406
1.0144	538.608	-528.423	-106.25
1.0145	530.717	-520.579	-105.114
1.0146	522.995	-512.904	-103.999
1.0147	515.438	-505.393	-102.903
1.0148	508.041	-498.042	-101.826
1.0149	500.8	-490.847	-100.768
1.015	493.71	-483.802	-99.7287
1.0151	486.768	-476.905	-98.7067
1.0152	479.969	-470.15	-97.7021
1.0153	473.31	-463.534	-96.7144
1.0154	466.786	-457.053	-95.7434
1.0155	460.395	-450.704	-94.7885
1.0156	454.132	-444.483	-93.8494
1.0157	447.994	-438.387	-92.9257
1.0158	441.978	-432.412	-92.0172
1.0159	436.081	-426.556	-91.1234
1.016	430.299	-420.815	-90.2441
1.0161	424.63	-415.186	-89.3788
1.0162	419.071	-409.666	-88.5274
1.0163	413.619	-404.253	-87.6894
1.0164	408.271	-398.944	-86.8647
1.0165	403.025	-393.736	-86.0528
1.0166	397.878	-388.627	-85.2536
1.0167	392.828	-383.615	-84.4667
1.0168	387.872	-378.696	-83.6919
1.0169	383.008	-373.869	-82.9289
1.017	378.234	-369.131	-82.1775
1.0171	373.547	-364.48	-81.4375
1.0172	368.946	-359.915	-80.7086
1.0173	364.428	-355.432	-79.9905
1.0174	359.992	-351.031	-79.2831
1.0175	355.635	-346.709	-78.5861
1.0176	351.356	-342.464	-77.8994
1.0177	347.153	-338.295	-77.2226
1.0178	343.024	-334.2	-76.5557
1.0179	338.967	-330.176	-75.8983
1.018	334.981	-326.223	-75.2504
1.0181	331.064	-322.339	-74.6117
1.0182	327.214	-318.521	-73.9821
1.0183	323.431	-314.77	-73.3613
1.0184	319.711	-311.083	-72.7493
1.0185	316.055	-307.458	-72.1458
1.0186	312.461	-303.895	-71.5506
1.0187	308.927	-300.392	-70.9636
1.0188	305.451	-296.947	-70.3847
1.0189	302.034	-293.56	-69.8137
1.019	298.673	-290.229	-69.2505
1.0191	295.367	-286.953	-68.6948
1.0192	292.114	-283.73	-68.1466
1.0193	288.915	-280.561	-67.6057
1.0194	285.768	-277.442	-67.072
1.0195	282.671	-274.374	-66.5454
1.0196	279.623	-271.355	-66.0257
1.0197	276.625	-268.385	-65.5127
1.0198	273.673	-265.461	-65.0065
1.0199	270.768	-262.584	-64.5068
1.02	267.909	-259.753	-64.0135
1.0201	265.094	-256.965	-63.5266
1.0202	262.323	-254.221	-63.0459
1.0203	259.595	-251.52	-62.5713
1.0204	256.908	-248.86	-62.1026
1.0205	254.263	-246.241	-61.6399
1.0206	251.658	-243.663	-61.1829
1.0207	249.092	-241.123	-60.7316
1.0208	246.565	-238.622	-60.286
1.0209	244.076	-236.158	-59.8458
1.021	241.624	-233.732	-59.411
1.0211	239.208	-231.341	-58.9815
1.0212	236.828	-228.987	-58.5572
1.0213	234.483	-226.667	-58.138
1.0214	232.173	-224.381	-57.7239
1.0215	229.896	-222.128	-57.3148
1.0216	227.652	-219.909	-56.9105
1.0217	225.441	-217.721	-56.511
1.0218	223.261	-215.565	-56.1162
1.0219	221.112	-213.441	-55.7261
1.022	218.994	-211.346	-55.3405
1.0221	216.907	-209.282	-54.9595
1.0222	214.848	-207.246	-54.5828
1.0223	212.819	-205.24	-54.2105
1.0224	210.817	-203.262	-53.8424
1.0225	208.844	-201.311	-53.4786
1.0226	206.898	-199.387	-53.1189
1.0227	204.979	-197.491	-52.7633
1.0228	203.086	-195.62	-52.4117
1.0229	201.219	-193.775	-52.064
1.023	199.378	-191.955	-51.7203
1.0231	197.561	-190.161	-51.3803
1.0232	195.769	-188.39	-51.0441
1.0233	194.002	-186.644	-50.7117
1.0234	192.257	-184.921	-50.3829
1.0235	190.536	-183.221	-50.0576
1.0236	188.838	-181.543	-49.736
1.0237	187.162	-179.888	-49.4178
1.0238	185.509	-178.255	-49.103
1.0239	183.877	-176.644	-48.7917
1.024	182.266	-175.053	-48.4836
1.0241	180.676	-173.484	-48.1789
1.0242	179.107	-171.934	-47.8774
1.0243	177.558	-170.405	-47.5791
1.0244	176.029	-168.896	-47.2839
1.0245	174.519	-167.406	-46.9918
1.0246	173.029	-165.935	-46.7028
1.0247	171.557	-164.482	-46.4167
1.0248	170.104	-163.049	-46.1337
1.0249	168.669	-161.633	-45.8535
1.025	167.252	-160.235	-45.5762
1.0251	165.853	-158.855	-45.3018
1.0252	164.472	-157.492	-45.0302
1.0253	163.107	-156.146	-44.7613
1.0254	161.759	-154.816	-44.4951
1.0255	160.428	-153.503	-44.2317
1.0256	159.113	-152.207	-43.9708
1.0257	157.814	-150.926	-43.7126
1.0258	156.531	-149.66	-43.4569
1.0259	155.263	-148.41	-43.2038
1.026	154.01	-147.176	-42.9532
1.0261	152.773	-145.956	-42.705
1.0262	151.55	-144.75	-42.4593
1.0263	150.342	-143.56	-42.216
1.0264	149.148	-142.383	-41.975
1.0265	147.968	-141.22	-41.7364
1.0266	146.802	-140.071	-41.5
1.0267	145.65	-138.936	-41.266
1.0268	144.511	-137.814	-41.0341
1.0269	143.385	-136.705	-40.8045
1.027	142.273	-135.609	-40.5771
1.0271	141.173	-134.526	-40.3518
1.0272	140.086	-133.456	-40.1287
1.0273	139.012	-132.397	-39.9076
1.0274	137.949	-131.351	-39.6886
1.0275	136.899	-130.317	-39.4717
1.0276	135.861	-129.295	-39.2568
1.0277	134.834	-128.284	-39.0438
1.0278	133.819	-127.285	-38.8329
1.0279	132.815	-126.297	-38.6238
1.028	131.822	-125.32	-38.4167
1.0281	130.841	-124.354	-38.2115
1.0282	129.87	-123.398	-38.0081
1.0283	128.91	-122.454	-37.8066
1.0284	127.961	-121.52	-37.6069
1.0285	127.022	-120.596	-37.409
1.0286	126.093	-119.682	-37.2129
1.0287	125.175	-118.779	-37.0185
1.0288	124.266	-117.885	-36.8258
1.0289	123.368	-117.001	-36.6349
1.029	122.478	-116.127	-36.4456
1.0291	121.599	-115.262	-36.258
1.0292	120.729	-114.406	-36.0721
1.0293	119.868	-113.56	-35.8878
1.0294	119.016	-112.723	-35.7051
1.0295	118.174	-111.894	-35.5239
1.0296	117.34	-111.075	-35.3444
1.0297	116.515	-110.264	-35.1664
1.0298	115.698	-109.462	-34.9899
1.0299	114.891	-108.668	-34.8149
1.03	114.091	-107.882	-34.6414
1.0301	113.3	-107.105	-34.4695
1.0302	112.517	-106.336	-34.2989
1.0303	111.742	-105.575	-34.1298
1.0304	110.975	-104.821	-33.9621
1.0305	110.216	-104.076	-33.7959
1.0306	109.465	-103.338	-33.631
1.0307	108.721	-102.607	-33.4675
1.0308	107.985	-101.885	-33.3054
1.0309	107.256	-101.169	-33.1446
1.031	106.535	-100.461	-32.9851
1.0311	105.821	-99.7599	-32.8269
1.0312	105.114	-99.0659	-32.6701
1.0313	104.414	-98.379	-32.5145
1.0314	103.721	-97.6989	-32.3602
1.0315	103.035	-97.0256	-32.2071
1.0316	102.355	-96.359	-32.0553
1.0317	101.683	-95.699	-31.9047
1.0318	101.017	-95.0456	-31.7553
1.0319	100.357	-94.3986	-31.6072
1.032	99.7042	-93.7579	-31.4602
1.0321	99.0575	-93.1236	-31.3143
1.0322	98.417	-92.4955	-31.1697
1.0323	97.7827	-91.8735	-31.0261
1.0324	97.1546	-91.2575	-30.8838
1.0325	96.5324	-90.6475	-30.7425
1.0326	95.9162	-90.0434	-30.6023
1.0327	95.3059	-89.4451	-30.4633
1.0328	94.7014	-88.8526	-30.3253
1.0329	94.1027	-88.2657	-30.1884
1.033	93.5096	-87.6844	-30.0525
1.0331	92.9221	-87.1087	-29.9177
1.0332	92.3401	-86.5384	-29.784
1.0333	91.7635	-85.9735	-29.6512
1.0334	91.1924	-85.4139	-29.5195
1.0335	90.6265	-84.8596	-29.3888
1.0336	90.0659	-84.3105	-29.2591
1.0337	89.5105	-83.7665	-29.1304
1.0338	88.9603	-83.2276	-29.0026
1.0339	88.4151	-82.6937	-28.8758
1.034	87.8748	-82.1647	-28.7499
1.0341	87.3396	-81.6406	-28.625
1.0342	86.8092	-81.1214	-28.5011
1.0343	86.2836	-80.6069	-28.378
1.0344	85.7628	-80.0971	-28.2559
1.0345	85.2467	-79.592	-28.1347
1.0346	84.7353	-79.0914	-28.0143
1.0347	84.2284	-78.5955	-27.8949
1.0348	83.7261	-78.104	-27.7763
1.0349	83.2283	-77.6169	-27.6586
1.035	82.7349	-77.1342	-27.5418
1.0351	82.2459	-76.6559	-27.4258
1.0352	81.7612	-76.1818	-27.3106
1.0353	81.2808	-75.7119	-27.1963
1.0354	80.8047	-75.2463	-27.0828
1.0355	80.3327	-74.7847	-26.9702
1.0356	79.8648	-74.3273	-26.8583
1.0357	79.4011	-73.8739	-26.7472
1.0358	78.9413	-73.4244	-26.6369
1.0359	78.4856	-72.9789	-26.5274
1.036	78.0338	-72.5373	-26.4187
1.0361	77.5859	-72.0996	-26.3108
1.0362	77.1418	-71.6657	-26.2036
1.0363	76.7016	-71.2355	-26.0972
1.0364	76.2652	-70.809	-25.9915
1.0365	75.8324	-70.3863	-25.8865
1.0366	75.4034	-69.9671	-25.7823
1.0367	74.978	-69.5516	-25.6788
1.0368	74.5561	-69.1396	-25.576
1.0369	74.1379	-68.7312	-25.474
1.037	73.7232	-68.3262	-25.3726
1.0371	73.3119	-67.9246	-25.272
1.0372	72.9041	-67.5265	-25.172
1.0373	72.4997	-67.1317	-25.0727
1.0374	72.0987	-66.7402	-24.9741
1.0375	71.701	-66.352	-24.8761
1.0376	71.3066	-65.9671	-24.7789
1.0377	70.9155	-65.5854	-24.6823
1.0378	70.5275	-65.2069	-24.5863
1.0379	70.1428	-64.8315	-24.491
1.038	69.7612	-64.4592	-24.3963
1.0381	69.3828	-64.09	-24.3022
1.0382	69.0074	-63.7239	-24.2088
1.0383	68.635	-63.3607	-24.116
1.0384	68.2657	-63.0005	-24.0238
1.0385	67.8994	-62.6433	-23.9323
1.0386	67.536	-62.289	-23.8413
1.0387	67.1756	-61.9376	-23.7509
1.0388	66.818	-61.589	-23.6612
1.0389	66.4633	-61.2433	-23.572
1.039	66.1115	-60.9003	-23.4834
1.0391	65.7624	-60.5601	-23.3953
1.0392	65.4161	-60.2226	-23.3079
1.0393	65.0726	-59.8879	-23.221
1.0394	64.7317	-59.5558	-23.1347
1.0395	64.3936	-59.2264	-23.0489
1.0396	64.0581	-58.8995	-22.9637
1.0397	63.7252	-58.5753	-22.879
1.0398	63.395	-58.2537	-22.7949
1.0399	63.0673	-57.9345	-22.7113
1.04	62.7422	-57.6179	-22.6283
1.0401	62.4195	-57.3038	-22.5457
1.0402	62.0994	-56.9922	-22.4637
1.0403	61.7818	-56.6829	-22.3822
1.0404	61.4666	-56.3761	-22.3013
1.0405	61.1538	-56.0717	-22.2208
1.0406	60.8434	-55.7696	-22.1408
1.0407	60.5354	-55.4699	-22.0614
1.0408	60.2297	-55.1725	-21.9824
1.0409	59.9264	-54.8774	-21.9039
1.041	59.6254	-54.5845	-21.8259
1.0411	59.3266	-54.2939	-21.7484
1.0412	59.0301	-54.0055	-21.6714
1.0413	58.7358	-53.7193	-21.5949
1.0414	58.4438	-53.4353	-21.5188
1.0415	58.1539	-53.1534	-21.4432
1.0416	57.8662	-52.8737	-21.368
1.0417	57.5806	-52.5961	-21.2933
1.0418	57.2972	-52.3206	-21.2191
1.0419	57.0159	-52.0471	-21.1453
1.042	56.7366	-51.7757	-21.072
1.0421	56.4594	-51.5063	-20.9991
1.0422	56.1843	-51.239	-20.9266
1.0423	55.9112	-50.9736	-20.8546
1.0424	55.64	-50.7102	-20.783
1.0425	55.3709	-50.4487	-20.7119
1.0426	55.1037	-50.1892	-20.6411
1.0427	54.8385	-49.9316	-20.5708
1.0428	54.5752	-49.6759	-20.5009
1.0429	54.3138	-49.4221	-20.4314
1.043	54.0543	-49.1701	-20.3624
1.0431	53.7966	-48.92	-20.2937
1.0432	53.5408	-48.6717	-20.2255
1.0433	53.2869	-48.4252	-20.1576
1.0434	53.0348	-48.1805	-20.0901
1.0435	52.7844	-47.9376	-20.0231
1.0436	52.5359	-47.6964	-19.9564
1.0437	52.2891	-47.4569	-19.8901
1.0438	52.0441	-47.2192	-19.8242
1.0439	51.8008	-46.9832	-19.7587
1.044	51.5592	-46.7489	-19.6936
1.0441	51.3193	-46.5162	-19.6288
1.0442	51.0811	-46.2852	-19.5644
1.0443	50.8446	-46.0559	-19.5004
1.0444	50.6098	-45.8281	-19.4367
1.0445	50.3765	-45.602	-19.3734
1.0446	50.1449	-45.3775	-19.3105
1.0447	49.9149	-45.1546	-19.2479
1.0448	49.6865	-44.9332	-19.1857
1.0449	49.4597	-44.7134	-19.1238
1.045	49.2345	-44.4951	-19.0623
1.0451	49.0108	-44.2784	-19.0011
1.0452	48.7886	-44.0631	-18.9403
1.0453	48.568	-43.8494	-18.8798
1.0454	48.3488	-43.6371	-18.8197
1.0455	48.1312	-43.4263	-18.7599
1.0456	47.915	-43.217	-18.7004
1.0457	47.7003	-43.0091	-18.6412
1.0458	47.4871	-42.8027	-18.5824
1.0459	47.2753	-42.5976	-18.5239
1.046	47.0649	-42.394	-18.4657
1.0461	46.856	-42.1917	-18.4079
1.0462	46.6485	-41.9908	-18.3504
1.0463	46.4423	-41.7913	-18.2931
1.0464	46.2375	-41.5932	-18.2362
1.0465	46.0341	-41.3964	-18.1796
1.0466	45.8321	-41.2009	-18.1233
1.0467	45.6314	-41.0067	-18.0674
1.0468	45.432	-40.8139	-18.0117
1.0469	45.2339	-40.6223	-17.9563
1.047	45.0372	-40.4321	-17.9012
1.0471	44.8417	-40.2431	-17.8465
1.0472	44.6475	-40.0553	-17.792
1.0473	44.4546	-39.8688	-17.7378
1.0474	44.263	-39.6836	-17.6839
1.0475	44.0726	-39.4996	-17.6303
1.0476	43.8835	-39.3168	-17.5769
1.0477	43.6956	-39.1352	-17.5239
1.0478	43.5089	-38.9548	-17.4711
1.0479	43.3234	-38.7756	-17.4186
1.048	43.1391	-38.5975	-17.3664
1.0481	42.956	-38.4207	-17.3145
1.0482	42.7741	-38.245	-17.2628
1.0483	42.5933	-38.0704	-17.2115
1.0484	42.4137	-37.897	-17.1603
1.0485	42.2353	-37.7247	-17.1095
1.0486	42.058	-37.5535	-17.0589
1.0487	41.8818	-37.3834	-17.0086
1.0488	41.7068	-37.2144	-16.9585
1.0489	41.5328	-37.0465	-16.9087
1.049	41.36	-36.8797	-16.8592
1.0491	41.1882	-36.714	-16.8099
1.0492	41.0175	-36.5493	-16.7609
1.0493	40.8479	-36.3856	-16.7121
1.0494	40.6794	-36.2231	-16.6635
1.0495	40.5119	-36.0615	-16.6153
1.0496	40.3455	-35.901	-16.5672
1.0497	40.1801	-35.7415	-16.5194
1.0498	40.0157	-35.583	-16.4719
1.0499	39.8524	-35.4255	-16.4246
1.05	39.69	-35.269	-16.3775
1.0501	39.5287	-35.1135	-16.3307
1.0502	39.3684	-34.9589	-16.2841
1.0503	39.209	-34.8053	-16.2378
1.0504	39.0507	-34.6527	-16.1916
1.0505	38.8933	-34.5011	-16.1457
1.0506	38.7368	-34.3503	-16.1001
1.0507	38.5814	-34.2006	-16.0546
1.0508	38.4268	-34.0517	-16.0094
1.0509	38.2732	-33.9038	-15.9645
1.051	38.1206	-33.7568	-15.9197
1.0511	37.9689	-33.6107	-15.8752
1.0512	37.818	-33.4654	-15.8308
1.0513	37.6681	-33.3211	-15.7867
1.0514	37.5191	-33.1777	-15.7429
1.0515	37.371	-33.0351	-15.6992
1.0516	37.2238	-32.8934	-15.6558
1.0517	37.0775	-32.7526	-15.6125
1.0518	36.9321	-32.6127	-15.5695
1.0519	36.7875	-32.4735	-15.5267
1.052	36.6437	-32.3353	-15.4841
1.0521	36.5009	-32.1978	-15.4417
1.0522	36.3588	-32.0612	-15.3995
1.0523	36.2177	-31.9254	-15.3575
1.0524	36.0773	-31.7905	-15.3157
1.0525	35.9378	-31.6563	-15.2741
1.0526	35.7991	-31.523	-15.2327
1.0527	35.6612	-31.3904	-15.1915
1.0528	35.5241	-31.2586	-15.1505
1.0529	35.3879	-31.1277	-15.1098
1.053	35.2524	-30.9975	-15.0692
1.0531	35.1177	-30.868	-15.0287
1.0532	34.9838	-30.7394	-14.9885
1.0533	34.8507	-30.6115	-14.9485
1.0534	34.7183	-30.4843	-14.9087
1.0535	34.5867	-30.3579	-14.869
1.0536	34.4559	-30.2323	-14.8296
1.0537	34.3258	-30.1073	-14.7903
1.0538	34.1965	-29.9832	-14.7512
1.0539	34.0679	-29.8597	-14.7123
1.054	33.94	-29.737	-14.6736
1.0541	33.8129	-29.6149	-14.6351
1.0542	33.6865	-29.4936	-14.5967
1.0543	33.5609	-29.373	-14.5585
1.0544	33.4359	-29.2531	-14.5205
1.0545	33.3116	-29.1339	-14.4827
1.0546	33.1881	-29.0154	-14.445
1.0547	33.0653	-28.8975	-14.4076
1.0548	32.9431	-28.7803	-14.3703
1.0549	32.8216	-28.6639	-14.3331
1.055	32.7009	-28.548	-14.2962
1.0551	32.5808	-28.4329	-14.2594
1.0552	32.4613	-28.3184	-14.2227
1.0553	32.3426	-28.2045	-14.1863
1.0554	32.2245	-28.0913	-14.15
1.0555	32.107	-27.9787	-14.1139
1.0556	31.9902	-27.8668	-14.0779
1.0557	31.8741	-27.7555	-14.0421
1.0558	31.7586	-27.6448	-14.0065
1.0559	31.6437	-27.5348	-13.971
1.056	31.5295	-27.4254	-13.9357
1.0561	31.4159	-27.3166	-13.9005
1.0562	31.303	-27.2084	-13.8655
1.0563	31.1906	-27.1008	-13.8307
1.0564	31.0789	-26.9938	-13.796
1.0565	30.9677	-26.8874	-13.7615
1.0566	30.8572	-26.7816	-13.7271
1.0567	30.7473	-26.6764	-13.6929
1.0568	30.638	-26.5718	-13.6588
1.0569	30.5293	-26.4677	-13.6249
1.057	30.4212	-26.3643	-13.5911
1.0571	30.3136	-26.2614	-13.5575
1.0572	30.2066	-26.159	-13.5241
1.0573	30.1003	-26.0573	-13.4907
1.0574	29.9944	-25.956	-13.4576
1.0575	29.8892	-25.8554	-13.4245
1.0576	29.7845	-25.7553	-13.3916
1.0577	29.6804	-25.6557	-13.3589
1.0578	29.5768	-25.5567	-13.3263
1.0579	29.4738	-25.4582	-13.2938
1.058	29.3714	-25.3603	-13.2615
1.0581	29.2694	-25.2629	-13.2294
1.0582	29.1681	-25.166	-13.1973
1.0583	29.0672	-25.0697	-13.1654
1.0584	28.9669	-24.9738	-13.1337
1.0585	28.8671	-24.8785	-13.102
1.0586	28.7679	-24.7837	-13.0706
1.0587	28.6692	-24.6894	-13.0392
1.0588	28.5709	-24.5956	-13.008
1.0589	28.4732	-24.5023	-12.9769
1.059	28.3761	-24.4095	-12.946
1.0591	28.2794	-24.3172	-12.9152
1.0592	28.1832	-24.2254	-12.8845
1.0593	28.0875	-24.1341	-12.8539
1.0594	27.9924	-24.0433	-12.8235
1.0595	27.8977	-23.9529	-12.7932
1.0596	27.8035	-23.863	-12.763
1.0597	27.7098	-23.7736	-12.733
1.0598	27.6166	-23.6847	-12.7031
1.0599	27.5238	-23.5963	-12.6733
1.06	27.4316	-23.5083	-12.6436
1.0601	27.3398	-23.4207	-12.6141
1.0602	27.2485	-23.3337	-12.5847
1.0603	27.1576	-23.247	-12.5554
1.0604	27.0672	-23.1609	-12.5262
1.0605	26.9773	-23.0752	-12.4972
1.0606	26.8879	-22.9899	-12.4683
1.0607	26.7988	-22.9051	-12.4395
1.0608	26.7103	-22.8207	-12.4108
1.0609	26.6222	-22.7367	-12.3822
1.061	26.5345	-22.6532	-12.3538
1.0611	26.4473	-22.5701	-12.3254
1.0612	26.3605	-22.4875	-12.2972
1.0613	26.2742	-22.4052	-12.2691
1.0614	26.1882	-22.3234	-12.2411
1.0615	26.1028	-22.242	-12.2133
1.0616	26.0177	-22.1611	-12.1855
1.0617	25.9331	-22.0805	-12.1579
1.0618	25.8489	-22.0003	-12.1303
1.0619	25.7651	-21.9206	-12.1029
1.062	25.6817	-21.8413	-12.0756
1.0621	25.5988	-21.7623	-12.0484
1.0622	25.5162	-21.6838	-12.0213
1.0623	25.4341	-21.6057	-11.9944
1.0624	25.3524	-21.5279	-11.9675
1.0625	25.271	-21.4506	-11.9407
1.0626	25.1901	-21.3736	-11.9141
1.0627	25.1096	-21.2971	-11.8876
1.0628	25.0295	-21.2209	-11.8611
1.0629	24.9497	-21.1451	-11.8348
1.063	24.8704	-21.0697	-11.8086
1.0631	24.7914	-20.9946	-11.7824
1.0632	24.7128	-20.9199	-11.7564
1.0633	24.6346	-20.8456	-11.7305
1.0634	24.5568	-20.7717	-11.7047
1.0635	24.4794	-20.6981	-11.679
1.0636	24.4023	-20.6249	-11.6534
1.0637	24.3257	-20.5521	-11.6279
1.0638	24.2493	-20.4796	-11.6025
1.0639	24.1734	-20.4075	-11.5772
1.064	24.0978	-20.3358	-11.552
1.0641	24.0226	-20.2643	-11.5269
1.0642	23.9477	-20.1933	-11.5019
1.0643	23.8732	-20.1226	-11.477
1.0644	23.7991	-20.0522	-11.4522
1.0645	23.7253	-19.9822	-11.4275
1.0646	23.6519	-19.9125	-11.4028
1.0647	23.5788	-19.8432	-11.3783
1.0648	23.506	-19.7742	-11.3539
1.0649	23.4337	-19.7055	-11.3296
1.065	23.3616	-19.6372	-11.3053
1.0651	23.2899	-19.5692	-11.2812
1.0652	23.2185	-19.5015	-11.2571
1.0653	23.1475	-19.4342	-11.2332
1.0654	23.0768	-19.3672	-11.2093
1.0655	23.0064	-19.3005	-11.1855
1.0656	22.9364	-19.2341	-11.1618
1.0657	22.8667	-19.168	-11.1383
1.0658	22.7973	-19.1023	-11.1148
1.0659	22.7282	-19.0369	-11.0913
1.066	22.6595	-18.9718	-11.068
1.0661	22.5911	-18.907	-11.0448
1.0662	22.523	-18.8425	-11.0216
1.0663	22.4552	-18.7783	-10.9986
1.0664	22.3878	-18.7144	-10.9756
1.0665	22.3206	-18.6508	-10.9527
1.0666	22.2538	-18.5876	-10.9299
1.0667	22.1872	-18.5246	-10.9072
1.0668	22.121	-18.4619	-10.8846
1.0669	22.0551	-18.3995	-10.8621
1.067	21.9895	-18.3374	-10.8396
1.0671	21.9241	-18.2756	-10.8172
1.0672	21.8591	-18.2141	-10.7949
1.0673	21.7944	-18.1529	-10.7727
1.0674	21.73	-18.092	-10.7506
1.0675	21.6658	-18.0313	-10.7286
1.0676	21.602	-17.971	-10.7066
1.0677	21.5384	-17.9109	-10.6848
1.0678	21.4752	-17.8511	-10.663
1.0679	21.4122	-17.7916	-10.6412
1.068	21.3495	-17.7323	-10.6196
1.0681	21.2871	-17.6733	-10.5981
1.0682	21.225	-17.6146	-10.5766
1.0683	21.1631	-17.5562	-10.5552
1.0684	21.1016	-17.498	-10.5339
1.0685	21.0403	-17.4401	-10.5126
1.0686	20.9793	-17.3825	-10.4915
1.0687	20.9185	-17.3252	-10.4704
1.0688	20.8581	-17.2681	-10.4494
1.0689	20.7979	-17.2112	-10.4285
1.069	20.7379	-17.1547	-10.4076
1.0691	20.6783	-17.0983	-10.3868
1.0692	20.6189	-17.0423	-10.3661
1.0693	20.5597	-16.9865	-10.3455
1.0694	20.5008	-16.9309	-10.3249
1.0695	20.4422	-16.8756	-10.3045
1.0696	20.3839	-16.8206	-10.2841
1.0697	20.3258	-16.7658	-10.2637
1.0698	20.2679	-16.7112	-10.2435
1.0699	20.2103	-16.6569	-10.2233
1.07	20.153	-16.6029	-10.2032
1.0701	20.0959	-16.549	-10.1831
1.0702	20.0391	-16.4955	-10.1632
1.0703	19.9825	-16.4421	-10.1433
1.0704	19.9262	-16.389	-10.1235
1.0705	19.8701	-16.3362	-10.1037
1.0706	19.8142	-16.2836	-10.084
1.0707	19.7586	-16.2312	-10.0644
1.0708	19.7033	-16.179	-10.0448
1.0709	19.6482	-16.1271	-10.0254
1.071	19.5933	-16.0754	-10.006
1.0711	19.5386	-16.024	-9.98663
1.0712	19.4842	-15.9727	-9.96736
1.0713	19.43	-15.9217	-9.94815
1.0714	19.3761	-15.8709	-9.92902
1.0715	19.3224	-15.8204	-9.90995
1.0716	19.2689	-15.7701	-9.89095
1.0717	19.2157	-15.72	-9.87202
1.0718	19.1626	-15.6701	-9.85315
1.0719	19.1098	-15.6204	-9.83435
1.072	19.0573	-15.5709	-9.81561
1.0721	19.0049	-15.5217	-9.79694
1.0722	18.9528	-15.4727	-9.77833
1.0723	18.9009	-15.4239	-9.75979
1.0724	18.8492	-15.3753	-9.74131
1.0725	18.7977	-15.3269	-9.7229
1.0726	18.7465	-15.2787	-9.70454
1.0727	18.6955	-15.2308	-9.68626
1.0728	18.6446	-15.183	-9.66803
1.0729	18.594	-15.1355	-9.64987
1.073	18.5437	-15.0881	-9.63177
1.0731	18.4935	-15.041	-9.61374
1.0732	18.4435	-14.9941	-9.59576
1.0733	18.3938	-14.9473	-9.57785
1.0734	18.3442	-14.9008	-9.56
1.0735	18.2949	-14.8545	-9.5422
1.0736	18.2457	-14.8083	-9.52447
1.0737	18.1968	-14.7624	-9.5068
1.0738	18.1481	-14.7167	-9.48919
1.0739	18.0996	-14.6711	-9.47164
1.074	18.0512	-14.6258	-9.45415
1.0741	18.0031	-14.5806	-9.43672
1.0742	17.9552	-14.5357	-9.41935
1.0743	17.9075	-14.4909	-9.40203
1.0744	17.8599	-14.4463	-9.38478
1.0745	17.8126	-14.4019	-9.36758
1.0746	17.7655	-14.3577	-9.35044
1.0747	17.7185	-14.3137	-9.33336
1.0748	17.6718	-14.2699	-9.31633
1.0749	17.6252	-14.2262	-9.29936
1.075	17.5789	-14.1828	-9.28245
1.0751	17.5327	-14.1395	-9.2656
1.0752	17.4867	-14.0964	-9.2488
1.0753	17.4409	-14.0535	-9.23205
1.0754	17.3953	-14.0107	-9.21537
1.0755	17.3498	-13.9682	-9.19873
1.0756	17.3046	-13.9258	-9.18216
1.0757	17.2595	-13.8836	-9.16564
1.0758	17.2146	-13.8416	-9.14917
1.0759	17.1699	-13.7997	-9.13276
1.076	17.1254	-13.758	-9.1164
1.0761	17.0811	-13.7165	-9.10009
1.0762	17.0369	-13.6752	-9.08384
1.0763	16.9929	-13.634	-9.06764
1.0764	16.9491	-13.5931	-9.0515
1.0765	16.9055	-13.5522	-9.03541
1.0766	16.862	-13.5116	-9.01937
1.0767	16.8188	-13.4711	-9.00338
1.0768	16.7757	-13.4308	-8.98744
1.0769	16.7327	-13.3906	-8.97156
1.077	16.6899	-13.3506	-8.95573
1.0771	16.6474	-13.3108	-8.93995
1.0772	16.6049	-13.2711	-8.92422
1.0773	16.5627	-13.2316	-8.90854
1.0774	16.5206	-13.1923	-8.89292
1.0775	16.4786	-13.1531	-8.87734
1.0776	16.4369	-13.1141	-8.86181
1.0777	16.3953	-13.0752	-8.84634
1.0778	16.3539	-13.0365	-8.83091
1.0779	16.3126	-12.998	-8.81553
1.078	16.2715	-12.9596	-8.80021
1.0781	16.2305	-12.9214	-8.78493
1.0782	16.1898	-12.8833	-8.7697
1.0783	16.1491	-12.8454	-8.75452
1.0784	16.1087	-12.8076	-8.73939
1.0785	16.0684	-12.77	-8.7243
1.0786	16.0282	-12.7325	-8.70927
1.0787	15.9882	-12.6952	-8.69428
1.0788	15.9484	-12.658	-8.67934
1.0789	15.9087	-12.621	-8.66444
1.079	15.8692	-12.5841	-8.6496
1.0791	15.8298	-12.5474	-8.6348
1.0792	15.7906	-12.5108	-8.62005
1.0793	15.7515	-12.4744	-8.60534
1.0794	15.7126	-12.4381	-8.59068
1.0795	15.6738	-12.402	-8.57607
1.0796	15.6352	-12.366	-8.5615
1.0797	15.5967	-12.3301	-8.54698
1.0798	15.5584	-12.2944	-8.5325
1.0799	15.5202	-12.2588	-8.51807
1.08	15.4822	-12.2234	-8.50369
1.0801	15.4443	-12.1881	-8.48935
1.0802	15.4065	-12.1529	-8.47505
1.0803	15.3689	-12.1179	-8.4608
1.0804	15.3315	-12.083	-8.44659
1.0805	15.2942	-12.0483	-8.43243
1.0806	15.257	-12.0137	-8.41831
1.0807	15.22	-11.9792	-8.40424
1.0808	15.1831	-11.9449	-8.39021
1.0809	15.1463	-11.9107	-8.37622
1.081	15.1097	-11.8766	-8.36227
1.0811	15.0733	-11.8427	-8.34837
1.0812	15.0369	-11.8089	-8.33451
1.0813	15.0007	-11.7752	-8.32069
1.0814	14.9647	-11.7417	-8.30692
1.0815	14.9287	-11.7083	-8.29319
1.0816	14.8929	-11.675	-8.2795
1.0817	14.8573	-11.6419	-8.26585
1.0818	14.8218	-11.6088	-8.25224
1.0819	14.7864	-11.5759	-8.23868
1.082	14.7511	-11.5432	-8.22516
1.0821	14.716	-11.5105	-8.21167
1.0822	14.681	-11.478	-8.19823
1.0823	14.6461	-11.4456	-8.18483
1.0824	14.6114	-11.4134	-8.17147
1.0825	14.5768	-11.3812	-8.15815
1.0826	14.5423	-11.3492	-8.14488
1.0827	14.5079	-11.3173	-8.13164
1.0828	14.4737	-11.2855	-8.11844
1.0829	14.4396	-11.2539	-8.10528
1.083	14.4056	-11.2223	-8.09216
1.0831	14.3718	-11.1909	-8.07908
1.0832	14.3381	-11.1596	-8.06604
1.0833	14.3045	-11.1284	-8.05304
1.0834	14.271	-11.0974	-8.04007
1.0835	14.2376	-11.0665	-8.02715
1.0836	14.2044	-11.0356	-8.01427
1.0837	14.1713	-11.0049	-8.00142
1.0838	14.1383	-10.9743	-7.98861
1.0839	14.1054	-10.9439	-7.97584
1.084	14.0727	-10.9135	-7.96311
1.0841	14.0401	-10.8833	-7.95041
1.0842	14.0075	-10.8531	-7.93776
1.0843	13.9752	-10.8231	-7.92514
1.0844	13.9429	-10.7932	-7.91256
1.0845	13.9107	-10.7634	-7.90001
1.0846	13.8787	-10.7337	-7.8875
1.0847	13.8467	-10.7041	-7.87503
1.0848	13.8149	-10.6747	-7.8626
1.0849	13.7832	-10.6453	-7.8502
1.085	13.7517	-10.6161	-7.83784
1.0851	13.7202	-10.587	-7.82551
1.0852	13.6888	-10.5579	-7.81322
1.0853	13.6576	-10.529	-7.80097
1.0854	13.6264	-10.5002	-7.78875
1.0855	13.5954	-10.4715	-7.77657
1.0856	13.5645	-10.4429	-7.76443
1.0857	13.5337	-10.4144	-7.75232
1.0858	13.503	-10.386	-7.74024
1.0859	13.4724	-10.3577	-7.7282
1.086	13.442	-10.3296	-7.7162
1.0861	13.4116	-10.3015	-7.70423
1.0862	13.3813	-10.2735	-7.69229
1.0863	13.3512	-10.2456	-7.68039
1.0864	13.3212	-10.2179	-7.66852
1.0865	13.2912	-10.1902	-7.65669
1.0866	13.2614	-10.1626	-7.64489
1.0867	13.2317	-10.1352	-7.63313
1.0868	13.202	-10.1078	-7.6214
1.0869	13.1725	-10.0805	-7.6097
1.087	13.1431	-10.0534	-7.59804
1.0871	13.1138	-10.0263	-7.5864
1.0872	13.0846	-9.99934	-7.57481
1.0873	13.0555	-9.97247	-7.56324
1.0874	13.0265	-9.9457	-7.55171
1.0875	12.9976	-9.91902	-7.54022
1.0876	12.9688	-9.89244	-7.52875
1.0877	12.9401	-9.86596	-7.51732
1.0878	12.9115	-9.83957	-7.50592
1.0879	12.883	-9.81327	-7.49455
1.088	12.8546	-9.78708	-7.48322
1.0881	12.8263	-9.76097	-7.47191
1.0882	12.7981	-9.73496	-7.46064
1.0883	12.7699	-9.70904	-7.4494
1.0884	12.7419	-9.68322	-7.43819
1.0885	12.714	-9.65748	-7.42702
1.0886	12.6862	-9.63184	-7.41587
1.0887	12.6585	-9.60629	-7.40476
1.0888	12.6308	-9.58084	-7.39368
1.0889	12.6033	-9.55547	-7.38262
1.089	12.5759	-9.53019	-7.3716
1.0891	12.5485	-9.505	-7.36062
1.0892	12.5213	-9.4799	-7.34966
1.0893	12.4941	-9.4549	-7.33873
1.0894	12.4671	-9.42998	-7.32783
1.0895	12.4401	-9.40514	-7.31696
1.0896	12.4132	-9.3804	-7.30613
1.0897	12.3864	-9.35574	-7.29532
1.0898	12.3597	-9.33117	-7.28454
1.0899	12.3331	-9.30669	-7.2738
1.09	12.3066	-9.28229	-7.26308
1.0901	12.2802	-9.25798	-7.25239
1.0902	12.2538	-9.23375	-7.24173
1.0903	12.2276	-9.20961	-7.2311
1.0904	12.2014	-9.18555	-7.2205
1.0905	12.1753	-9.16158	-7.20993
1.0906	12.1494	-9.13769	-7.19939
1.0907	12.1235	-9.11389	-7.18888
1.0908	12.0977	-9.09016	-7.1784
1.0909	12.0719	-9.06652	-7.16794
1.091	12.0463	-9.04297	-7.15752
1.0911	12.0207	-9.01949	-7.14712
1.0912	11.9953	-8.9961	-7.13675
1.0913	11.9699	-8.97278	-7.12641
1.0914	11.9446	-8.94955	-7.1161
1.0915	11.9194	-8.9264	-7.10581
1.0916	11.8943	-8.90333	-7.09555
1.0917	11.8692	-8.88034	-7.08533
1.0918	11.8443	-8.85742	-7.07512
1.0919	11.8194	-8.83459	-7.06495
1.092	11.7946	-8.81184	-7.05481
1.0921	11.7699	-8.78916	-7.04469
1.0922	11.7452	-8.76656	-7.0346
1.0923	11.7207	-8.74404	-7.02453
1.0924	11.6962	-8.7216	-7.0145
1.0925	11.6718	-8.69923	-7.00449
1.0926	11.6475	-8.67694	-6.9945
1.0927	11.6233	-8.65472	-6.98455
1.0928	11.5991	-8.63258	-6.97462
1.0929	11.5751	-8.61052	-6.96472
1.093	11.5511	-8.58853	-6.95484
1.0931	11.5272	-8.56662	-6.94499
1.0932	11.5033	-8.54478	-6.93517
1.0933	11.4796	-8.52302	-6.92537
1.0934	11.4559	-8.50133	-6.9156
1.0935	11.4323	-8.47971	-6.90585
1.0936	11.4088	-8.45817	-6.89613
1.0937	11.3853	-8.4367	-6.88644
1.0938	11.362	-8.4153	-6.87677
1.0939	11.3387	-8.39397	-6.86713
1.094	11.3155	-8.37272	-6.85751
1.0941	11.2923	-8.35153	-6.84792
1.0942	11.2692	-8.33042	-6.83836
1.0943	11.2462	-8.30938	-6.82882
1.0944	11.2233	-8.28841	-6.8193
1.0945	11.2005	-8.26751	-6.80981
1.0946	11.1777	-8.24668	-6.80034
1.0947	11.155	-8.22592	-6.7909
1.0948	11.1324	-8.20523	-6.78149
1.0949	11.1098	-8.18461	-6.7721
1.095	11.0873	-8.16406	-6.76273
1.0951	11.0649	-8.14357	-6.75339
1.0952	11.0426	-8.12316	-6.74407
1.0953	11.0203	-8.10281	-6.73478
1.0954	10.9981	-8.08253	-6.72551
1.0955	10.976	-8.06232	-6.71626
1.0956	10.954	-8.04217	-6.70704
1.0957	10.932	-8.02209	-6.69785
1.0958	10.9101	-8.00208	-6.68867
1.0959	10.8882	-7.98213	-6.67952
1.096	10.8664	-7.96225	-6.6704
1.0961	10.8447	-7.94244	-6.6613
1.0962	10.8231	-7.92269	-6.65222
1.0963	10.8015	-7.903	-6.64316
1.0964	10.78	-7.88338	-6.63413
1.0965	10.7586	-7.86383	-6.62512
1.0966	10.7372	-7.84434	-6.61614
1.0967	10.7159	-7.82491	-6.60718
1.0968	10.6947	-7.80554	-6.59824
1.0969	10.6735	-7.78624	-6.58932
1.097	10.6524	-7.76701	-6.58043
1.0971	10.6314	-7.74783	-6.57156
1.0972	10.6104	-7.72872	-6.56271
1.0973	10.5895	-7.70967	-6.55389
1.0974	10.5687	-7.69068	-6.54508
1.0975	10.5479	-7.67176	-6.5363
1.0976	10.5272	-7.65289	-6.52754
1.0977	10.5066	-7.63409	-6.51881
1.0978	10.486	-7.61535	-6.5101
1.0979	10.4655	-7.59666	-6.5014
1.098	10.445	-7.57804	-6.49273
1.0981	10.4247	-7.55948	-6.48409
1.0982	10.4043	-7.54098	-6.47546
1.0983	10.3841	-7.52254	-6.46686
1.0984	10.3639	-7.50416	-6.45828
1.0985	10.3437	-7.48584	-6.44972
1.0986	10.3237	-7.46757	-6.44118
1.0987	10.3037	-7.44937	-6.43266
1.0988	10.2837	-7.43122	-6.42416
1.0989	10.2638	-7.41313	-6.41569
1.099	10.244	-7.3951	-6.40724
1.0991	10.2242	-7.37713	-6.39881
1.0992	10.2045	-7.35921	-6.39039
1.0993	10.1849	-7.34136	-6.382
1.0994	10.1653	-7.32356	-6.37364
1.0995	10.1458	-7.30581	-6.36529
1.0996	10.1263	-7.28812	-6.35696
1.0997	10.1069	-7.27049	-6.34865
1.0998	10.0876	-7.25292	-6.34037
1.0999	10.0683	-7.2354	-6.3321
